,mass A,,
t,x,y,
0.000,-267.6,-223.6
0.017,-255.3,-238.5
0.033,-248.2,-252.5
0.050,-218.8,-270.5
0.067,-197.9,-286.6
0.083,-173.6,-303.4
0.100,-148.8,-317.7
0.117,-117.2,-329.4
0.133,-83.34,-339.5
0.150,-48.44,-346.6
0.167,-10.44,-349.8
0.184,27.39,-349.3
0.200,63.44,-344.9
0.217,99.30,-336.5
0.234,132.4,-325.7
0.250,163.3,-312.9
0.267,191.1,-298.0
0.284,216.0,-281.2
0.300,237.1,-264.8
0.317,254.1,-249.7
0.334,268.2,-235.9
0.350,279.2,-223.7
0.367,287.0,-213.9
0.384,291.3,-207.5
0.400,294.0,-203.8
0.417,294.2,-203.0
0.434,292.1,-205.3
0.450,288.1,-211.0
0.467,281.4,-219.9
0.484,271.3,-231.6
0.500,258.0,-245.1
0.517,241.9,-260.3
0.534,221.2,-276.0
0.551,198.1,-291.5
0.567,171.7,-306.3
0.584,141.2,-320.0
0.601,108.4,-331.2
0.617,73.60,-339.8
0.634,37.97,-345.7
0.651,2.100,-347.5
0.667,-34.01,-345.9
0.684,-69.07,-340.8
0.701,-102.2,-332.5
0.717,-130.8,-322.5
0.734,-164.7,-308.7
0.751,-188.5,-295.6
0.767,-211.7,-281.7
0.784,-229.1,-268.8
0.801,-240.8,-256.5
0.817,-252.7,-245.6
0.834,-261.0,-236.6
0.851,-268.6,-229.5
0.868,-272.2,-225.6
0.884,-273.7,-224.8
0.901,-271.8,-226.8
0.918,-269.1,-231.9
0.934,-259.8,-239.7
0.951,-250.5,-249.6
0.968,-239.9,-260.8
0.984,-223.6,-273.5
1.001,-205.7,-286.8
1.018,-183.8,-300.5
1.034,-156.1,-314.5
1.051,-131.2,-325.6
1.068,-101.1,-335.5
1.084,-71.72,-342.8
1.101,-37.83,-347.7
1.118,0.111,-349.6
1.134,34.02,-347.8
1.151,68.21,-343.2
1.168,100.3,-335.5
1.185,131.0,-325.7
1.201,158.6,-313.7
1.218,184.3,-300.0
1.235,206.3,-286.3
1.251,225.5,-272.8
1.268,241.1,-259.6
1.285,254.2,-247.9
1.301,260.3,-238.4
1.318,270.2,-230.4
1.335,275.2,-225.7
1.351,276.6,-223.3
1.368,276.7,-224.1
1.385,273.1,-227.3
1.401,267.1,-233.6
1.418,259.0,-242.3
1.435,248.0,-252.9
1.451,233.1,-265.2
1.468,215.4,-278.8
1.485,195.3,-292.2
1.501,171.5,-305.6
1.518,145.1,-318.3
1.535,114.2,-328.9
1.552,83.94,-337.7
1.568,51.09,-343.9
1.585,18.93,-347.4
1.602,-12.85,-348.4
1.618,-50.46,-344.6
1.635,-83.45,-338.8
1.652,-110.8,-331.6
1.668,-136.0,-322.6
1.685,-161.1,-311.6
1.702,-184.6,-299.6
1.718,-202.7,-288.6
1.735,-218.6,-277.7
1.752,-228.8,-268.6
1.768,-238.7,-260.6
1.785,-244.3,-254.5
1.802,-248.5,-250.5
1.818,-251.5,-248.8
1.835,-249.9,-249.7
1.852,-247.3,-252.7
1.869,-240.1,-258.4
1.885,-234.0,-265.7
1.902,-223.5,-274.7
1.919,-207.1,-285.4
1.935,-193.3,-295.8
1.952,-172.8,-307.4
1.969,-148.0,-318.7
1.985,-123.7,-328.6
2.002,-94.61,-337.5
2.019,-68.14,-343.6
2.035,-38.35,-347.7
2.052,-5.729,-349.6
2.069,24.45,-348.7
2.085,56.11,-345.0
2.102,86.39,-338.7
2.119,115.3,-330.4
2.135,142.1,-320.6
2.152,166.5,-309.5
2.169,187.9,-297.4
2.186,206.9,-285.5
2.202,222.4,-274.3
2.219,235.8,-263.9
2.236,245.5,-255.3
2.252,252.7,-248.8
2.269,257.2,-244.0
2.286,259.4,-241.6
2.302,259.0,-242.2
2.319,256.2,-244.9
2.336,250.6,-250.4
2.352,242.4,-257.4
2.369,231.2,-266.7
2.386,215.6,-277.3
2.402,200.3,-288.7
2.419,181.4,-300.3
2.436,159.1,-311.9
2.452,134.2,-322.9
2.469,107.2,-332.1
2.486,79.11,-339.8
2.502,49.45,-345.2
2.519,19.47,-348.4
2.536,-12.79,-348.9
2.553,-42.08,-346.7
2.569,-71.67,-342.7
2.586,-96.04,-336.6
2.603,-122.4,-328.7
2.619,-146.0,-319.8
2.636,-163.0,-310.6
2.653,-183.8,-300.6
2.669,-200.6,-291.7
2.686,-211.4,-283.7
2.703,-217.9,-277.6
2.719,-226.5,-272.6
2.736,-229.2,-269.4
2.753,-229.3,-268.5
2.769,-229.9,-269.5
2.786,-226.1,-272.4
2.803,-222.1,-276.8
2.819,-212.0,-283.4
2.836,-203.0,-291.5
2.853,-184.1,-300.5
2.870,-166.6,-309.4
2.886,-148.4,-318.6
2.903,-127.4,-327.6
2.920,-103.0,-335.5
2.936,-79.61,-341.8
2.953,-53.87,-346.8
2.970,-27.01,-349.4
2.986,-2.191,-350.1
3.003,27.30,-348.9
3.020,53.85,-344.9
3.036,81.73,-339.0
3.053,107.4,-331.3
3.070,132.3,-322.7
3.086,154.4,-312.8
3.103,174.1,-302.8
3.120,186.7,-293.5
3.136,199.5,-284.5
3.153,208.9,-276.5
3.170,217.0,-269.5
3.187,222.1,-264.3
3.203,224.9,-261.4
3.220,228.8,-259.9
3.237,225.4,-261.3
3.253,224.2,-263.8
3.270,215.7,-269.4
3.287,209.6,-275.9
3.303,198.5,-283.7
3.320,185.9,-292.8
3.337,168.2,-302.6
3.353,148.6,-312.6
3.370,130.1,-321.7
3.387,108.4,-329.7
3.403,79.51,-337.6
3.420,53.48,-343.4
3.437,26.61,-347.4
3.453,-1.238,-349.3
3.470,-27.19,-348.6
3.487,-54.20,-346.4
3.503,-79.34,-342.1
3.520,-104.2,-336.6
3.537,-125.7,-329.8
3.554,-142.5,-322.7
3.570,-160.7,-314.8
3.587,-172.7,-307.4
3.604,-189.9,-299.9
3.620,-198.5,-293.9
3.637,-204.5,-288.8
3.654,-211.7,-284.8
3.670,-215.1,-282.8
3.687,-215.5,-282.8
3.704,-211.5,-284.5
3.720,-207.5,-287.7
3.737,-199.6,-292.4
3.754,-191.5,-298.8
3.770,-178.6,-305.2
3.787,-165.7,-312.8
3.804,-147.6,-320.7
3.820,-131.3,-327.7
3.837,-109.5,-334.8
3.854,-87.74,-340.8
3.871,-61.55,-345.4
3.887,-34.34,-348.4
3.904,-10.10,-349.9
3.921,16.90,-349.0
3.937,43.97,-346.5
3.954,65.88,-342.6
3.971,90.13,-336.6
3.987,112.4,-329.6
4.004,134.1,-321.7
4.021,150.5,-313.6
4.037,168.8,-304.7
4.054,181.3,-296.6
4.071,192.1,-289.6
4.087,208.2,-282.5
4.104,214.6,-277.5
4.121,215.7,-274.7
4.137,214.3,-273.5
4.154,214.2,-273.5
4.171,212.7,-275.7
4.188,206.2,-279.4
4.204,200.4,-284.7
4.221,187.4,-291.6
4.238,178.7,-298.6
4.254,165.1,-306.6
4.271,143.0,-315.5
4.288,124.7,-323.3
4.304,107.3,-330.7
4.321,84.81,-337.6
4.338,61.03,-342.7
4.354,36.99,-346.4
4.371,10.20,-349.0
4.388,-16.87,-349.0
4.404,-41.80,-347.7
4.421,-66.25,-344.8
4.438,-88.24,-340.4
4.454,-104.7,-335.3
4.471,-124.3,-329.5
4.488,-136.5,-323.4
4.504,-156.1,-316.9
4.521,-170.5,-310.5
4.538,-179.6,-305.3
4.555,-187.8,-300.7
4.571,-192.3,-297.5
4.588,-195.7,-295.6
4.605,-195.1,-295.2
4.621,-193.5,-296.2
4.638,-190.8,-298.6
4.655,-183.7,-302.4
4.671,-174.0,-307.4
4.688,-166.1,-312.7
4.705,-153.1,-318.7
4.721,-138.5,-324.6
4.738,-117.6,-331.3
4.755,-100.6,-336.9
4.771,-75.05,-342.5
4.788,-53.99,-346.4
4.805,-31.64,-348.7
4.821,-9.356,-349.7
4.838,15.73,-349.4
4.855,39.15,-347.3
4.872,61.22,-343.9
4.888,84.29,-339.0
4.905,105.4,-333.1
4.922,125.2,-326.2
4.938,143.1,-319.3
4.955,159.1,-312.1
4.972,172.3,-305.3
4.988,184.1,-298.7
5.005,193.1,-293.4
5.022,199.5,-289.3
5.038,202.1,-286.3
5.055,205.7,-284.8
5.072,205.6,-284.8
5.088,202.7,-286.5
5.105,198.9,-289.4
5.122,190.4,-294.3
5.138,182.4,-299.7
5.155,170.5,-306.0
5.172,156.5,-312.8
5.189,140.6,-319.6
5.205,123.2,-326.9
5.222,103.8,-333.7
5.239,80.13,-339.4
5.255,61.12,-343.9
5.272,36.05,-347.4
5.289,13.01,-349.2
5.305,-13.38,-349.8
5.322,-32.02,-348.8
5.339,-54.66,-346.5
5.355,-72.58,-343.4
5.372,-92.89,-338.8
5.389,-109.3,-333.6
5.405,-124.5,-328.6
5.422,-135.1,-323.2
5.439,-147.2,-318.5
5.455,-154.9,-314.4
5.472,-162.0,-310.5
5.489,-167.7,-307.6
5.505,-171.6,-305.9
5.522,-171.4,-305.7
5.539,-169.5,-306.5
5.556,-165.9,-308.6
5.572,-160.5,-311.7
5.589,-152.9,-315.7
5.606,-143.5,-320.5
5.622,-130.9,-325.5
5.639,-116.9,-330.4
5.656,-102.4,-335.7
5.672,-84.32,-340.4
5.689,-65.15,-344.4
5.706,-47.84,-347.3
5.722,-29.42,-349.2
5.739,-6.837,-349.9
5.756,18.32,-349.2
5.772,39.62,-347.5
5.789,60.40,-344.3
5.806,80.12,-340.1
5.822,99.11,-335.0
5.839,117.2,-329.2
5.856,133.4,-323.3
5.873,148.0,-317.4
5.889,160.2,-311.5
5.906,170.7,-306.4
5.923,179.2,-301.8
5.939,185.0,-298.4
5.956,189.0,-296.4
5.973,190.8,-295.3
5.989,190.2,-295.6
6.006,187.4,-297.3
6.023,182.3,-300.1
6.039,175.3,-304.0
6.056,166.2,-308.9
6.073,155.0,-314.5
6.089,142.0,-320.3
6.106,123.4,-326.6
6.123,106.9,-332.3
6.139,92.13,-337.5
6.156,67.95,-342.4
6.173,52.99,-346.2
6.190,33.03,-348.8
6.206,11.93,-349.9
6.223,-8.501,-349.8
6.240,-28.85,-349.3
6.256,-50.89,-346.8
6.273,-70.43,-343.8
6.290,-83.05,-340.5
6.306,-101.9,-335.8
6.323,-114.2,-331.6
6.340,-125.9,-327.6
6.356,-136.2,-323.5
6.373,-146.9,-319.8
6.390,-154.2,-316.6
6.406,-156.6,-314.7
6.423,-159.3,-313.6
6.440,-159.5,-313.6
6.456,-156.1,-314.5
6.473,-152.4,-316.5
6.490,-149.9,-318.8
6.506,-143.0,-321.8
6.523,-133.7,-325.7
6.540,-122.0,-329.8
6.557,-109.2,-333.7
6.573,-94.97,-337.8
6.590,-76.64,-341.5
6.607,-59.52,-344.5
6.623,-42.48,-346.5
6.640,-23.64,-347.7
6.657,-5.212,-347.7
6.673,15.02,-346.9
6.690,38.20,-345.4
6.707,55.39,-342.5
6.723,70.60,-338.9
6.740,88.64,-334.3
6.757,103.8,-329.4
6.773,126.0,-324.9
6.790,132.8,-319.7
6.807,142.9,-315.2
6.823,150.4,-311.3
6.840,156.8,-307.9
6.857,161.6,-305.5
6.874,164.2,-303.8
6.890,166.0,-303.8
6.907,164.2,-304.6
6.924,159.5,-306.7
6.940,153.6,-309.4
6.957,146.4,-313.1
6.974,138.8,-317.4
6.990,127.6,-322.3
7.007,115.0,-327.4
7.024,100.8,-332.4
7.040,89.54,-336.9
7.057,73.91,-340.7
7.074,57.22,-344.6
7.090,35.39,-347.6
7.107,16.86,-349.4
7.124,0.879,-349.8
7.140,-18.11,-349.6
7.157,-39.27,-348.3
7.174,-57.62,-346.6
7.191,-71.22,-344.0
7.207,-86.90,-340.5
7.224,-101.1,-337.2
7.241,-113.3,-333.5
7.257,-123.0,-329.9
7.274,-131.5,-326.8
7.291,-138.1,-324.2
7.307,-142.4,-322.1
7.324,-145.5,-320.7
7.341,-147.0,-320.2
7.357,-145.8,-320.5
7.374,-142.7,-321.8
7.391,-138.2,-323.8
7.407,-131.6,-326.2
7.424,-123.8,-329.4
7.441,-113.8,-332.8
7.457,-103.1,-336.5
7.474,-88.79,-339.5
7.491,-74.85,-342.7
7.507,-58.70,-345.4
7.524,-42.71,-347.5
7.541,-23.57,-348.7
7.558,-6.378,-349.2
7.574,11.16,-348.8
7.591,30.69,-347.8
7.608,46.23,-345.5
7.624,66.34,-342.6
7.641,82.94,-339.0
7.658,95.68,-335.3
7.674,107.8,-331.3
7.691,123.8,-326.6
7.708,134.0,-322.7
7.724,143.2,-319.1
7.741,150.4,-315.8
7.758,155.7,-313.5
7.774,159.0,-311.8
7.791,160.3,-311.2
7.808,160.1,-311.5
7.824,158.0,-312.5
7.841,154.1,-314.8
7.858,148.1,-317.5
7.875,140.1,-320.9
7.891,130.2,-324.6
7.908,119.2,-328.7
7.925,106.4,-332.6
7.941,91.83,-336.8
7.958,77.96,-340.6
7.975,61.97,-343.8
7.991,45.86,-346.4
8.008,28.98,-348.3
8.025,11.68,-349.3
8.041,-5.070,-349.3
8.058,-21.73,-348.8
8.075,-38.15,-347.4
8.091,-54.30,-345.5
8.108,-67.12,-343.3
8.125,-79.41,-340.4
8.141,-91.30,-337.7
8.158,-101.6,-334.9
8.175,-110.3,-331.8
8.192,-117.0,-329.7
8.208,-122.4,-327.7
8.225,-125.4,-326.6
8.242,-125.2,-326.3
8.258,-125.1,-326.3
8.275,-122.8,-327.3
8.292,-119.2,-328.3
8.308,-113.7,-330.3
8.325,-107.8,-332.7
8.342,-98.84,-335.4
8.358,-88.65,-338.3
8.375,-78.91,-341.0
8.392,-65.43,-343.6
8.408,-51.71,-345.7
8.425,-37.47,-347.7
8.442,-21.40,-348.7
8.458,-5.178,-349.3
8.475,10.99,-349.2
8.492,27.95,-348.2
8.508,43.11,-346.9
8.525,59.01,-344.4
8.542,73.24,-341.6
8.559,87.06,-338.7
8.575,100.1,-334.7
8.592,111.7,-331.4
8.609,121.2,-328.2
8.625,129.9,-325.0
8.642,137.0,-322.3
8.659,142.0,-320.3
8.675,146.0,-318.9
8.692,148.0,-318.1
8.709,148.0,-318.0
8.725,146.0,-318.7
8.742,142.9,-320.2
8.759,137.2,-322.5
8.775,130.9,-325.1
8.792,122.1,-328.3
8.809,112.2,-331.6
8.825,101.1,-334.9
8.842,89.07,-338.1
8.859,75.50,-341.6
8.876,61.03,-344.5
8.892,46.47,-346.5
8.909,31.27,-348.2
8.926,15.38,-349.4
8.942,-0.931,-349.7
8.959,-15.15,-349.5
8.976,-30.00,-348.7
8.992,-42.70,-347.3
9.009,-55.14,-345.5
9.026,-66.69,-343.4
9.042,-78.29,-340.9
9.059,-87.99,-338.6
9.076,-94.53,-336.4
9.092,-101.3,-334.5
9.109,-106.6,-332.5
9.126,-110.0,-331.5
9.142,-111.6,-331.0
9.159,-111.5,-330.7
9.176,-109.2,-331.2
9.193,-107.5,-332.7
9.209,-101.6,-334.2
9.226,-96.71,-335.9
9.243,-87.19,-338.3
9.259,-78.87,-340.4
9.276,-69.27,-342.6
9.293,-58.60,-344.7
9.309,-45.57,-346.4
9.326,-33.49,-347.8
9.343,-18.21,-348.9
9.359,-4.034,-348.9
9.376,10.22,-348.9
9.393,24.99,-348.4
9.409,39.32,-347.1
9.426,53.20,-345.3
9.443,66.93,-343.3
9.459,79.37,-340.5
9.476,90.55,-337.9
9.493,101.4,-334.9
9.509,110.6,-332.1
9.526,118.3,-329.6
9.543,124.7,-327.4
9.560,129.9,-325.7
9.576,133.0,-324.2
9.593,134.9,-323.8
9.610,135.1,-323.7
9.626,133.8,-324.2
9.643,130.5,-325.5
9.660,126.0,-327.5
9.676,120.0,-329.5
9.693,112.4,-332.1
9.710,103.3,-334.8
9.726,93.30,-337.8
9.743,82.26,-340.4
9.760,70.32,-342.9
9.776,57.79,-345.1
9.793,44.27,-347.3
9.810,31.02,-348.7
9.826,16.91,-349.6
9.843,2.985,-349.9
9.860,-10.29,-349.7
9.877,-25.83,-348.8
9.893,-36.86,-347.8
9.910,-47.47,-346.3
9.927,-58.65,-344.7
9.943,-68.56,-342.8
9.960,-77.86,-340.8
9.977,-84.22,-339.1
9.993,-90.49,-337.7
10.010,-94.43,-336.4
10.027,-97.36,-335.6
10.043,-99.65,-335.0
10.060,-99.62,-334.9
10.077,-97.68,-335.4
10.093,-94.57,-336.1
10.110,-90.71,-337.3
10.127,-85.77,-339.0
10.143,-78.53,-340.6
10.160,-70.10,-342.4
10.177,-61.47,-344.0
10.194,-51.08,-345.6
10.210,-40.28,-347.0
10.227,-25.62,-348.5
10.244,-16.27,-348.9
10.260,-3.011,-348.9
10.277,9.813,-348.8
10.294,24.21,-348.1
10.310,37.20,-346.9
10.327,49.15,-345.6
10.344,61.05,-343.8
10.360,73.01,-341.6
10.377,83.19,-339.3
10.394,92.35,-337.3
10.410,100.4,-335.0
10.427,108.0,-333.0
10.444,114.0,-331.1
10.460,118.0,-329.9
10.477,121.0,-328.8
10.494,123.0,-328.3
10.510,122.6,-328.4
10.527,121.0,-329.0
10.544,118.2,-329.8
10.561,114.1,-331.2
10.577,108.7,-333.2
10.594,101.8,-335.2
10.611,93.00,-337.7
10.627,84.18,-339.6
10.644,74.16,-341.9
10.661,63.28,-344.0
10.677,52.00,-345.8
10.694,40.09,-347.0
10.711,28.06,-348.5
10.727,15.18,-349.0
10.744,3.264,-349.2
10.761,-8.759,-349.3
10.777,-22.21,-348.8
10.794,-31.79,-348.1
10.811,-43.53,-346.6
10.827,-52.73,-345.6
10.844,-61.50,-343.9
10.861,-69.03,-342.5
10.878,-74.68,-341.3
10.894,-80.63,-339.7
10.911,-84.63,-338.9
10.928,-86.54,-338.4
10.944,-87.57,-338.3
10.961,-87.44,-338.3
10.978,-86.23,-338.5
10.994,-83.12,-339.3
11.011,-79.64,-340.3
11.028,-74.81,-341.4
11.044,-68.74,-342.6
11.061,-61.23,-343.9
11.078,-51.93,-345.6
11.094,-42.91,-346.7
11.111,-32.72,-347.6
11.128,-20.96,-348.8
11.144,-9.912,-349.3
11.161,1.801,-349.3
11.178,13.40,-349.1
11.195,25.43,-348.2
11.211,36.54,-347.5
11.228,47.64,-346.3
11.245,57.73,-344.9
11.261,67.98,-342.9
11.278,77.47,-341.1
11.295,85.54,-339.2
11.311,92.34,-337.5
11.328,98.53,-335.7
11.345,103.4,-334.4
11.361,107.3,-333.4
11.378,109.4,-332.7
11.395,110.6,-332.3
11.411,110.4,-332.4
11.428,108.8,-333.0
11.445,106.4,-333.7
11.461,102.2,-334.9
11.478,97.20,-336.3
11.495,90.82,-338.2
11.511,83.28,-340.0
11.528,74.63,-341.7
11.545,65.53,-343.6
11.562,56.02,-345.4
11.578,45.93,-346.6
11.595,34.56,-347.8
11.612,23.55,-348.7
11.628,12.70,-349.5
11.645,2.014,-349.6
11.662,-8.742,-349.6
11.678,-18.75,-349.3
11.695,-28.23,-348.6
11.712,-38.64,-347.4
11.728,-46.70,-346.4
11.745,-53.91,-345.5
11.762,-59.71,-344.2
11.778,-65.00,-343.5
11.795,-70.43,-342.4
11.812,-73.76,-341.5
11.828,-76.01,-340.9
11.845,-76.71,-340.8
11.862,-76.15,-340.7
11.879,-75.23,-341.0
11.895,-72.30,-341.7
11.912,-68.49,-342.7
11.929,-63.22,-343.7
11.945,-57.22,-344.6
11.962,-50.61,-345.7
11.979,-42.84,-346.8
11.995,-33.87,-347.8
12.012,-23.93,-348.5
12.029,-15.61,-349.0
12.045,-4.646,-349.2
12.062,6.360,-349.3
12.079,16.37,-348.8
12.095,26.93,-348.2
12.112,37.16,-347.4
12.129,46.96,-346.5
12.145,56.03,-345.3
12.162,65.17,-343.6
12.179,73.09,-342.2
12.196,80.11,-340.9
12.212,86.51,-339.3
12.229,91.41,-338.1
12.246,95.49,-337.2
12.262,98.30,-336.4
12.279,99.94,-336.1
12.296,100.6,-335.7
12.312,99.98,-335.9
12.329,98.28,-336.4
12.346,95.20,-337.0
12.362,91.15,-338.3
12.379,86.15,-339.6
12.396,80.19,-340.9
12.412,72.49,-342.3
12.429,64.57,-343.7
12.446,56.87,-345.0
12.462,48.26,-346.3
12.479,38.69,-347.4
12.496,28.44,-348.5
12.512,19.12,-349.2
12.529,9.097,-349.6
12.546,-0.528,-349.5
12.563,-9.845,-349.5
12.579,-20.78,-348.9
12.596,-28.04,-348.5
12.613,-36.55,-347.4
12.629,-44.01,-346.8
12.646,-49.00,-346.3
12.663,-54.45,-345.3
12.679,-58.94,-344.7
12.696,-62.51,-343.8
12.713,-64.64,-343.6
12.729,-65.72,-343.4
12.746,-65.83,-343.4
12.763,-64.78,-343.5
12.779,-63.33,-343.6
12.796,-60.03,-344.5
12.813,-56.73,-344.8
12.829,-51.77,-345.8
12.846,-45.42,-346.4
12.863,-38.40,-347.2
12.880,-31.73,-347.8
12.896,-23.50,-348.6
12.913,-15.75,-349.4
12.930,-6.137,-349.5
12.946,2.241,-349.8
12.963,12.04,-349.4
12.980,21.09,-349.2
12.996,30.27,-348.5
13.013,39.20,-347.5
13.030,47.41,-346.6
13.046,55.40,-345.6
13.063,62.83,-344.3
13.080,69.60,-343.3
13.096,75.35,-342.1
13.113,80.30,-341.2
13.130,84.88,-340.2
13.146,87.70,-339.2
13.163,89.53,-338.9
13.180,90.93,-338.7
13.197,90.97,-338.7
13.213,89.93,-338.9
13.230,87.95,-339.6
13.247,84.94,-340.3
13.263,80.94,-341.4
13.280,76.01,-342.2
13.297,70.01,-343.6
13.313,63.65,-344.5
13.330,56.28,-345.7
13.347,48.13,-346.8
13.363,40.09,-347.6
13.380,32.07,-348.4
13.397,23.31,-349.2
13.413,14.21,-349.8
13.430,6.042,-349.8
13.447,-2.273,-349.6
13.463,-10.48,-349.4
13.480,-18.23,-349.4
13.497,-27.62,-348.7
13.513,-33.13,-347.8
13.530,-38.17,-347.2
13.547,-43.92,-346.7
13.564,-48.36,-345.8
13.580,-51.08,-345.4
13.597,-55.33,-344.8
13.614,-56.46,-344.6
13.630,-56.85,-344.7
13.647,-56.52,-344.6
13.664,-55.73,-344.8
13.680,-52.65,-345.3
13.697,-50.03,-345.8
13.714,-45.60,-346.4
13.730,-41.38,-346.7
13.747,-35.37,-347.3
13.764,-28.28,-348.3
13.780,-22.03,-348.8
13.797,-15.66,-348.8
13.814,-6.861,-349.3
13.830,0.997,-349.4
13.847,9.061,-349.4
13.864,17.55,-349.2
13.881,25.02,-348.8
13.897,33.15,-348.4
13.914,40.63,-347.5
13.931,47.50,-346.6
13.947,54.14,-345.6
13.964,60.12,-344.7
13.981,65.49,-343.8
13.997,70.51,-342.9
14.014,74.95,-342.3
14.031,77.96,-341.6
14.047,80.06,-341.3
14.064,80.61,-340.7
14.081,81.48,-340.6
14.097,80.44,-340.7
14.114,78.64,-341.0
14.131,76.51,-341.5
14.147,73.97,-342.4
14.164,69.98,-343.2
14.181,65.26,-344.2
14.198,59.17,-345.2
14.214,53.18,-346.3
14.231,46.96,-347.2
14.248,39.40,-347.9
14.264,32.27,-348.4
14.281,25.03,-349.2
14.298,17.27,-349.5
14.314,9.093,-349.8
14.331,1.921,-349.6
14.348,-5.591,-349.7
14.364,-12.30,-349.6
14.381,-19.69,-348.8
14.398,-24.71,-348.7
14.414,-29.88,-348.3
14.431,-35.73,-347.6
14.448,-39.30,-347.2
14.464,-43.01,-346.9
14.481,-44.78,-346.4
14.498,-46.61,-346.4
14.514,-46.84,-346.3
14.531,-46.92,-346.5
14.548,-45.90,-346.5
14.565,-44.56,-346.6
14.581,-41.67,-347.3
14.598,-38.64,-347.5
14.615,-35.07,-348.0
14.631,-30.67,-348.0
14.648,-24.73,-348.6
14.665,-18.10,-349.2
14.681,-11.94,-349.5
14.698,-5.758,-349.7
14.715,1.515,-349.5
14.731,8.067,-349.6
14.748,15.28,-349.4
14.765,22.18,-348.7
14.781,29.63,-348.4
14.798,35.43,-347.7
14.815,42.45,-347.2
14.831,47.92,-346.5
14.848,53.31,-345.6
14.865,57.68,-345.0
14.882,62.71,-344.2
14.898,65.80,-343.5
14.915,67.93,-342.9
14.932,70.81,-342.4
14.948,71.91,-342.4
14.965,71.75,-342.4
14.982,71.67,-342.4
14.998,70.60,-342.4
15.015,67.99,-343.0
15.032,65.96,-343.5
15.048,61.88,-343.9
15.065,58.20,-344.6
15.082,54.35,-345.4
15.098,49.37,-346.3
15.115,42.87,-346.7
15.132,37.38,-347.4
15.148,30.55,-347.8
15.165,23.56,-348.5
15.182,16.88,-348.6
15.199,9.308,-348.9
15.215,4.737,-349.3
15.232,-1.556,-349.4
15.249,-9.457,-348.8
15.265,-14.90,-348.8
15.282,-20.37,-348.5
15.299,-23.52,-348.3
15.315,-29.59,-347.7
15.332,-32.29,-347.5
15.349,-34.73,-347.5
15.365,-36.45,-347.3
15.382,-39.64,-346.7
15.399,-40.31,-346.6
15.415,-40.44,-346.6
15.432,-40.69,-346.8
15.449,-39.24,-346.7
15.465,-34.84,-347.5
15.482,-32.71,-347.6
15.499,-30.07,-347.8
15.515,-24.42,-348.3
15.532,-22.44,-348.5
15.549,-17.68,-348.7
15.566,-11.48,-348.8
15.582,-3.636,-349.4
15.599,2.348,-349.4
15.616,8.391,-349.4
15.632,14.76,-349.3
15.649,19.86,-348.7
15.666,26.22,-348.6
15.682,31.02,-347.9
15.699,38.25,-347.5
15.716,43.04,-346.8
15.732,48.69,-346.3
15.749,51.79,-345.7
15.766,56.70,-345.3
15.782,58.78,-344.7
15.799,61.99,-344.4
15.816,64.04,-344.3
15.832,64.18,-343.8
15.849,64.69,-343.7
15.866,64.34,-343.7
15.883,62.55,-343.9
15.899,62.12,-344.4
15.916,59.20,-344.7
15.933,55.61,-344.9
15.949,52.43,-345.7
15.966,49.36,-346.4
15.983,43.93,-346.8
15.999,39.71,-347.5
16.016,33.93,-347.8
16.033,28.92,-348.6
16.049,21.97,-348.9
16.066,16.73,-348.7
16.083,10.08,-348.9
16.099,6.160,-349.4
16.116,-0.894,-348.9
16.133,-6.564,-348.8
16.149,-11.19,-348.7
16.166,-15.81,-348.8
16.183,-19.63,-348.6
16.200,-23.19,-348.4
16.216,-24.74,-348.4
16.233,-29.24,-347.9
16.250,-30.75,-347.6
16.266,-31.71,-347.6
16.283,-32.05,-347.7
16.300,-31.95,-347.7
16.316,-32.06,-347.7
16.333,-30.68,-347.6
16.350,-29.89,-347.8
16.366,-27.85,-347.8
16.383,-22.63,-348.4
16.400,-18.43,-348.6
16.416,-16.80,-348.8
16.433,-9.780,-349.4
16.450,-4.935,-349.5
16.466,-0.104,-349.4
16.483,4.815,-349.4
16.500,9.643,-349.4
16.516,15.32,-349.5
16.533,20.97,-349.3
16.550,26.12,-348.8
16.567,31.71,-348.2
16.583,35.66,-347.9
16.600,40.70,-347.3
16.617,44.71,-347.1
16.633,48.87,-346.4
16.650,51.94,-346.3
16.667,54.24,-345.9
16.683,56.43,-345.6
16.700,57.95,-345.4
16.717,58.88,-345.3
16.733,58.95,-345.5
16.750,58.57,-345.4
16.767,57.58,-345.6
16.783,55.89,-345.8
16.800,53.60,-346.0
16.817,51.42,-346.3
16.833,48.01,-346.7
16.850,44.39,-347.3
16.867,40.06,-347.8
16.884,36.17,-348.2
16.900,31.24,-348.6
16.917,26.27,-348.9
16.934,21.96,-349.3
16.950,16.60,-349.4
16.967,11.66,-349.4
16.984,6.291,-349.8
17.000,1.774,-349.7
17.017,-2.330,-349.5
17.034,-6.824,-349.6
17.050,-10.26,-349.5
17.067,-13.84,-349.5
17.084,-16.27,-349.2
17.100,-21.33,-348.8
17.117,-23.32,-348.6
17.134,-24.60,-348.7
17.150,-24.80,-348.5
17.167,-24.93,-348.6
17.184,-24.92,-348.7
17.201,-24.34,-348.5
17.217,-23.48,-348.7
17.234,-22.21,-348.7
17.251,-18.20,-349.2
17.267,-15.67,-349.3
17.284,-12.73,-349.5
17.301,-9.291,-349.7
17.317,-5.576,-349.6
17.334,-1.500,-349.7
17.351,2.707,-349.6
17.367,7.395,-349.6
17.384,12.07,-349.6
17.401,17.26,-349.5
17.417,21.81,-349.2
17.434,25.62,-348.9
17.451,30.26,-348.5
17.467,34.48,-348.3
17.484,37.80,-347.9
17.501,41.49,-347.4
17.517,44.44,-347.3
17.534,46.42,-346.9
17.551,48.62,-346.7
17.568,50.31,-346.5
17.584,51.37,-346.3
17.601,51.82,-346.3
17.618,51.75,-346.5
17.634,51.17,-346.6
17.651,50.25,-346.6
17.668,48.53,-346.8
17.684,46.44,-347.0
17.701,44.40,-347.1
17.718,41.20,-347.6
17.734,38.14,-347.9
17.751,34.97,-348.1
17.768,30.82,-348.7
17.784,26.96,-349.0
17.801,23.13,-349.1
17.818,19.18,-349.2
17.834,14.36,-349.8
17.851,10.27,-349.7
17.868,6.296,-349.7
17.885,2.555,-349.7
17.901,-1.294,-349.7
17.918,-4.800,-349.7
17.935,-7.949,-349.7
17.951,-10.29,-349.4
17.968,-12.68,-349.4
17.985,-14.83,-349.5
18.001,-16.09,-349.2
18.018,-17.61,-349.3
18.035,-17.83,-349.4
18.051,-17.63,-349.3
18.068,-17.55,-349.3
18.085,-16.79,-349.2
18.101,-15.42,-349.2
18.118,-13.69,-349.3
18.135,-11.67,-349.3
18.151,-9.211,-349.5
18.168,-6.583,-349.5
