,mass A,,
t,x,y,
0.000,-156.2,-312.9
0.017,-151.1,-315.4
0.033,-143.9,-319.1
0.050,-134.9,-323.0
0.067,-124.2,-327.4
0.083,-111.8,-331.3
0.100,-98.24,-335.8
0.117,-83.13,-339.7
0.133,-66.79,-343.5
0.150,-49.79,-346.4
0.167,-31.45,-348.6
0.184,-12.77,-349.9
0.200,5.978,-349.9
0.217,24.91,-348.9
0.234,44.22,-346.8
0.250,62.41,-344.1
0.267,81.45,-340.4
0.284,97.69,-336.3
0.300,112.1,-331.5
0.317,125.3,-326.9
0.334,137.7,-322.2
0.350,147.6,-317.6
0.367,156.8,-313.4
0.384,163.3,-310.1
0.400,167.7,-307.7
0.417,170.7,-306.1
0.434,171.7,-305.3
0.450,170.8,-305.4
0.467,168.3,-306.9
0.484,164.1,-309.0
0.500,157.6,-312.0
0.517,148.9,-315.8
0.534,139.3,-320.0
0.551,127.5,-324.7
0.567,114.2,-329.2
0.584,99.55,-333.7
0.601,83.20,-337.8
0.617,65.48,-341.8
0.634,47.17,-344.6
0.651,28.24,-346.7
0.667,9.021,-347.7
0.684,-9.981,-347.5
0.701,-27.52,-347.0
0.717,-46.88,-345.1
0.734,-64.49,-342.5
0.751,-81.05,-339.3
0.767,-95.79,-335.5
0.784,-108.9,-331.9
0.801,-121.2,-327.9
0.817,-131.1,-324.0
0.834,-139.6,-320.7
0.851,-146.4,-317.9
0.868,-151.4,-315.7
0.884,-153.9,-314.2
0.901,-155.2,-313.9
0.918,-154.9,-314.4
0.934,-152.1,-315.8
0.951,-147.4,-318.1
0.968,-141.0,-320.8
0.984,-133.0,-324.2
1.001,-123.4,-328.0
1.018,-112.0,-332.1
1.034,-99.16,-336.0
1.051,-84.76,-339.8
1.068,-69.19,-343.3
1.084,-52.48,-346.1
1.101,-33.85,-348.0
1.118,-16.24,-349.3
1.134,1.861,-349.4
1.151,21.00,-348.7
1.168,39.50,-347.2
1.185,56.47,-344.7
1.201,73.49,-341.7
1.218,89.85,-337.8
1.235,104.4,-333.6
1.251,118.7,-329.1
1.268,130.7,-324.6
1.285,142.2,-320.3
1.301,151.0,-316.3
1.318,157.4,-312.8
1.335,162.8,-310.1
1.351,166.0,-308.3
1.368,167.5,-307.3
1.385,167.4,-307.2
1.401,165.5,-308.2
1.418,161.4,-310.1
1.435,155.9,-312.7
1.451,148.7,-316.0
1.468,138.7,-320.0
1.485,127.9,-324.4
1.502,114.2,-328.6
1.518,100.1,-333.2
1.535,86.89,-337.2
1.552,68.27,-340.8
1.568,51.48,-343.6
1.585,33.78,-345.9
1.602,15.24,-347.2
1.618,-3.604,-347.5
1.635,-22.41,-347.0
1.652,-37.54,-345.1
1.668,-55.58,-343.1
1.685,-70.58,-340.1
1.702,-85.84,-336.9
1.718,-98.44,-333.2
1.735,-113.1,-329.7
1.752,-121.9,-326.2
1.768,-131.5,-322.9
1.785,-138.3,-320.0
1.802,-142.8,-318.1
1.818,-147.1,-316.6
1.835,-148.2,-316.1
1.852,-148.5,-316.4
1.869,-146.4,-317.6
1.885,-141.6,-319.2
1.902,-135.9,-321.9
1.919,-128.3,-325.1
1.935,-119.7,-328.7
1.952,-108.3,-332.1
1.969,-96.58,-336.0
1.985,-83.23,-339.6
2.002,-68.85,-342.9
2.019,-53.62,-345.8
2.035,-35.80,-347.8
2.052,-17.92,-349.2
2.069,0.744,-349.2
2.085,16.95,-348.9
2.102,34.20,-347.6
2.119,51.46,-345.4
2.135,68.72,-342.9
2.152,84.86,-339.0
2.169,99.54,-334.9
2.186,112.3,-331.0
2.202,124.1,-326.7
2.219,134.8,-322.4
2.236,143.9,-318.6
2.252,150.9,-315.4
2.269,156.4,-312.7
2.286,160.3,-310.7
2.302,162.4,-309.9
2.319,162.6,-309.6
2.336,160.9,-310.4
2.352,157.2,-312.2
2.369,151.9,-314.5
2.386,144.5,-317.7
2.402,135.7,-321.3
2.419,125.5,-325.2
2.436,114.5,-329.1
2.452,101.7,-333.1
2.469,86.99,-337.1
2.486,70.09,-340.8
2.502,52.75,-343.8
2.519,35.78,-346.1
2.536,19.06,-347.2
2.553,0.831,-347.8
2.569,-17.92,-347.6
2.586,-36.11,-346.5
2.603,-52.42,-344.7
2.619,-67.44,-342.1
2.636,-81.43,-339.2
2.653,-95.17,-335.8
2.669,-107.2,-332.5
2.686,-116.9,-329.3
2.703,-125.9,-326.2
2.719,-132.7,-323.4
2.736,-139.2,-321.4
2.753,-142.7,-319.9
2.769,-144.1,-319.4
2.786,-144.1,-319.3
2.803,-142.4,-320.0
2.819,-138.9,-322.0
2.836,-133.4,-324.0
2.853,-126.6,-326.8
2.870,-117.5,-330.2
2.886,-107.9,-333.5
2.903,-95.60,-336.8
2.920,-82.02,-340.1
2.936,-66.90,-343.2
2.953,-53.12,-345.8
2.970,-36.33,-347.9
2.986,-19.43,-349.0
3.003,-3.138,-349.7
3.020,14.79,-349.1
3.036,31.63,-348.0
3.053,48.39,-346.1
3.070,64.79,-343.2
3.086,79.66,-340.0
3.103,94.34,-336.1
3.120,108.0,-332.2
3.136,119.8,-328.0
3.153,130.7,-324.0
3.170,139.7,-320.1
3.187,146.9,-316.9
3.203,152.5,-314.4
3.220,156.4,-312.4
3.237,158.5,-311.6
3.253,158.9,-311.4
3.270,157.4,-311.8
3.287,154.6,-313.2
3.303,149.8,-315.4
3.320,142.7,-318.0
3.337,134.2,-321.5
3.353,124.1,-325.4
3.370,112.2,-329.1
3.387,99.25,-333.0
3.403,85.86,-336.9
3.420,71.43,-340.0
3.437,55.39,-343.0
3.453,38.33,-344.8
3.470,21.05,-346.7
3.487,5.331,-347.1
3.503,-12.00,-347.1
3.520,-28.33,-346.2
3.537,-46.32,-344.8
3.554,-62.20,-342.5
3.570,-76.07,-340.0
3.587,-88.88,-337.2
3.604,-101.1,-333.9
3.620,-111.1,-330.9
3.637,-119.9,-328.0
3.654,-127.8,-325.5
3.670,-133.1,-323.7
3.687,-137.0,-322.5
3.704,-138.9,-322.1
3.720,-139.2,-321.9
3.737,-137.8,-322.6
3.754,-134.6,-324.0
3.770,-129.7,-326.0
3.787,-122.8,-328.4
3.804,-114.4,-331.1
3.820,-104.7,-334.3
3.837,-94.13,-337.4
3.854,-81.30,-340.6
3.871,-68.21,-343.5
3.887,-52.74,-346.0
3.904,-37.40,-347.7
3.921,-20.71,-349.0
3.937,-2.859,-349.2
3.954,12.63,-348.8
3.971,28.96,-348.0
3.987,45.28,-346.0
4.004,60.53,-343.5
4.021,75.72,-340.5
4.037,90.49,-337.0
4.054,104.4,-333.2
4.071,116.3,-329.1
4.087,127.4,-325.1
4.104,135.3,-321.8
4.121,142.2,-318.8
4.137,147.9,-316.3
4.154,152.1,-314.3
4.171,154.0,-313.0
4.188,154.4,-312.7
4.204,153.3,-313.3
4.221,150.4,-314.5
4.238,145.5,-316.7
4.254,139.1,-319.3
4.271,131.4,-322.3
4.288,121.6,-325.8
4.304,110.2,-329.5
4.321,98.05,-333.3
4.338,84.66,-336.9
4.354,69.93,-340.0
4.371,55.46,-343.0
4.388,39.54,-345.0
4.404,22.41,-346.7
4.421,5.321,-347.5
4.438,-11.11,-347.7
4.454,-27.44,-346.8
4.471,-43.48,-345.6
4.488,-57.86,-343.8
4.505,-70.72,-341.2
4.521,-84.91,-338.6
4.538,-96.34,-335.9
4.555,-106.4,-332.9
4.571,-115.8,-330.5
4.588,-123.0,-328.1
4.605,-128.4,-326.2
4.621,-132.1,-324.6
4.638,-134.0,-324.2
4.655,-134.3,-324.1
4.671,-133.1,-324.6
4.688,-130.1,-326.0
4.705,-125.8,-327.7
4.721,-119.5,-330.1
4.738,-111.9,-332.9
4.755,-102.9,-335.7
4.771,-92.07,-338.7
4.788,-80.23,-341.5
4.805,-67.31,-344.0
4.821,-53.03,-346.2
4.838,-38.26,-347.9
4.855,-22.90,-349.1
4.872,-5.873,-349.4
4.888,10.46,-349.3
4.905,26.15,-348.1
4.922,41.87,-346.5
4.938,57.27,-344.1
4.955,72.08,-341.2
4.972,85.65,-337.7
4.988,98.63,-334.1
5.005,110.5,-330.4
5.022,120.6,-326.5
5.038,129.9,-323.3
5.055,136.9,-320.2
5.072,142.5,-317.8
5.088,146.7,-316.1
5.105,148.8,-315.0
5.122,149.6,-314.5
5.138,148.4,-315.1
5.155,145.8,-316.1
5.172,141.3,-318.1
5.189,134.8,-320.6
5.205,127.0,-323.5
5.222,117.7,-327.0
5.239,107.0,-330.3
5.255,95.11,-333.7
5.272,82.06,-337.2
5.289,67.78,-340.4
5.305,53.57,-343.1
5.322,37.86,-345.0
5.339,21.60,-346.7
5.355,5.189,-347.5
5.372,-10.90,-347.6
5.389,-25.93,-347.3
5.405,-41.50,-346.0
5.422,-55.62,-344.1
5.439,-69.14,-342.0
5.455,-80.80,-339.3
5.472,-92.47,-336.7
5.489,-102.5,-334.1
5.505,-111.0,-331.8
5.522,-118.1,-329.6
5.539,-123.3,-327.9
5.556,-127.2,-326.7
5.572,-128.9,-326.1
5.589,-129.5,-326.0
5.606,-128.3,-326.5
5.622,-125.4,-327.8
5.639,-120.8,-329.5
5.656,-114.8,-331.8
5.672,-107.0,-334.2
5.689,-98.16,-336.8
5.706,-88.00,-339.6
5.722,-76.22,-342.1
5.739,-61.89,-344.4
5.756,-48.33,-346.2
5.772,-33.88,-347.9
5.789,-19.20,-349.0
5.806,-3.551,-349.1
5.822,10.89,-348.8
5.839,26.35,-347.8
5.856,42.53,-346.2
5.873,57.21,-344.0
5.889,71.90,-341.3
5.906,84.94,-338.0
5.923,96.60,-334.5
5.939,108.1,-331.1
5.956,117.6,-327.7
5.973,126.1,-324.6
5.989,133.2,-321.8
6.006,138.3,-319.5
6.023,142.4,-317.8
6.039,144.5,-316.9
6.056,145.1,-316.6
6.073,143.9,-317.0
6.089,141.4,-318.1
6.106,137.2,-319.9
6.123,131.1,-322.1
6.139,123.2,-325.0
6.156,114.1,-328.1
6.173,103.9,-331.4
6.190,92.17,-334.4
6.206,79.31,-337.6
6.223,65.82,-340.6
6.240,52.03,-343.3
6.256,37.26,-345.2
6.273,21.18,-346.7
6.290,6.398,-347.2
6.306,-10.05,-347.7
6.323,-23.66,-347.1
6.340,-38.60,-346.0
6.356,-53.74,-344.6
6.373,-66.91,-342.8
6.390,-77.97,-340.3
6.406,-89.22,-337.9
6.423,-98.86,-335.6
6.440,-107.0,-333.4
6.456,-113.8,-331.4
6.473,-119.2,-329.5
6.490,-123.0,-328.7
6.506,-124.7,-328.0
6.523,-125.0,-328.0
6.540,-124.0,-328.5
6.557,-121.2,-329.8
6.573,-116.6,-331.2
6.590,-110.8,-333.2
6.607,-103.7,-335.4
6.623,-95.12,-337.8
6.640,-85.36,-340.3
6.657,-74.08,-342.8
6.673,-61.72,-344.8
6.690,-48.57,-346.8
6.707,-34.47,-348.2
6.723,-20.01,-349.0
6.740,-4.849,-349.2
6.757,10.04,-348.6
6.773,25.20,-347.9
6.790,39.92,-346.4
6.807,54.20,-344.1
6.823,68.32,-341.3
6.840,81.35,-338.2
6.857,93.92,-335.0
6.874,104.3,-331.7
6.890,113.7,-328.6
6.907,122.0,-325.7
6.924,129.1,-323.0
6.940,134.2,-321.0
6.957,137.9,-319.2
6.974,139.8,-318.2
6.990,140.4,-318.1
7.007,139.3,-318.4
7.024,137.0,-319.4
7.040,132.3,-321.0
7.057,126.6,-323.2
7.074,118.9,-325.8
7.090,110.1,-328.7
7.107,100.3,-332.1
7.124,89.00,-335.3
7.140,77.04,-338.2
7.157,63.49,-340.7
7.174,49.25,-343.5
7.191,35.98,-345.3
7.207,20.06,-346.8
7.224,5.066,-347.6
7.241,-9.597,-347.7
7.257,-24.47,-347.2
7.274,-38.89,-346.4
7.291,-51.79,-345.2
7.307,-63.86,-343.2
7.324,-76.77,-341.1
7.341,-86.79,-338.8
7.357,-96.14,-336.8
7.374,-103.8,-334.8
7.391,-110.2,-333.1
7.407,-115.2,-331.5
7.424,-118.4,-330.4
7.441,-120.2,-329.8
7.457,-120.4,-329.8
7.474,-119.0,-330.4
7.491,-116.3,-331.2
7.508,-112.1,-332.7
7.524,-106.4,-334.7
7.541,-99.01,-336.8
7.558,-90.73,-339.1
7.574,-80.99,-341.4
7.591,-70.44,-343.5
7.608,-58.59,-345.6
7.624,-45.70,-347.2
7.641,-31.89,-348.3
7.658,-17.77,-349.2
7.674,-3.565,-349.1
7.691,10.83,-348.6
7.708,25.63,-347.7
7.724,40.04,-346.3
7.741,53.85,-344.4
7.758,67.27,-341.3
7.774,79.54,-338.5
7.791,91.10,-335.6
7.808,101.5,-332.4
7.824,110.8,-329.6
7.841,118.9,-326.8
7.858,125.4,-324.3
7.875,130.6,-322.3
7.891,133.9,-320.8
7.908,135.9,-319.9
7.925,136.2,-319.8
7.941,134.8,-320.2
7.958,132.1,-321.1
7.975,127.9,-322.7
7.991,122.2,-324.8
8.008,114.8,-327.6
8.025,106.4,-330.2
8.041,96.75,-333.2
8.058,85.08,-336.1
8.075,73.24,-339.0
8.091,59.99,-341.5
8.108,46.94,-344.1
8.125,32.69,-345.8
8.141,18.23,-347.1
8.158,4.012,-347.5
8.175,-10.07,-348.1
8.192,-23.11,-347.2
8.208,-38.42,-346.5
8.225,-50.01,-345.1
8.242,-62.91,-343.6
8.258,-74.37,-341.9
8.275,-84.07,-339.9
8.292,-93.01,-337.7
8.308,-100.2,-336.0
8.325,-106.2,-334.2
8.342,-111.1,-332.7
8.358,-114.2,-332.0
8.375,-115.9,-331.5
8.392,-116.2,-331.6
8.408,-114.5,-332.0
8.425,-111.7,-333.1
8.442,-107.5,-334.5
8.458,-101.5,-336.3
8.475,-94.31,-338.0
8.492,-85.94,-340.3
8.508,-75.47,-342.1
8.525,-64.96,-344.0
8.542,-53.66,-345.8
8.559,-41.44,-347.6
8.575,-28.00,-348.7
8.592,-13.47,-349.2
8.609,0.822,-349.3
8.625,15.43,-348.2
8.642,29.43,-347.3
8.659,41.33,-345.7
8.675,54.84,-343.8
8.692,67.27,-341.6
8.709,79.15,-338.9
8.725,90.36,-336.0
8.742,101.0,-333.2
8.759,109.3,-330.1
8.775,116.0,-327.6
8.792,122.6,-325.3
8.809,127.2,-323.5
8.825,130.2,-322.2
8.842,131.8,-321.4
8.859,131.9,-321.1
8.876,130.8,-321.5
8.892,127.9,-322.7
8.909,123.6,-324.3
8.926,117.9,-326.2
8.942,110.6,-328.7
8.959,101.9,-331.6
8.976,92.38,-334.3
8.992,81.73,-337.0
9.009,69.77,-339.7
9.026,57.15,-342.2
9.042,44.11,-344.1
9.059,30.25,-345.9
9.076,16.29,-347.1
9.092,2.077,-347.8
9.109,-11.05,-348.1
9.126,-24.91,-347.5
9.142,-38.06,-346.6
9.159,-50.40,-345.4
9.176,-61.62,-344.0
9.193,-72.34,-342.1
9.209,-82.03,-340.6
9.226,-90.39,-338.7
9.243,-97.25,-337.0
9.259,-103.2,-335.6
9.276,-107.3,-334.4
9.293,-110.4,-333.5
9.309,-111.4,-333.3
9.326,-111.3,-333.2
9.343,-110.0,-333.7
9.359,-107.0,-334.8
9.376,-102.8,-336.3
9.393,-97.17,-337.6
9.409,-89.93,-339.4
9.426,-81.89,-341.1
9.443,-71.86,-343.3
9.459,-61.78,-345.0
9.476,-50.74,-346.6
9.493,-38.78,-347.9
9.509,-26.28,-348.8
9.526,-12.72,-349.3
9.543,1.545,-349.1
9.560,15.02,-348.5
9.576,29.62,-347.3
9.593,41.17,-345.7
9.610,54.22,-343.9
9.626,66.11,-341.4
9.643,77.60,-339.0
9.660,88.44,-336.1
9.676,98.35,-333.2
9.693,106.6,-330.7
9.710,113.8,-328.2
9.726,119.6,-326.3
9.743,124.0,-324.3
9.760,126.7,-323.1
9.776,128.1,-322.4
9.793,128.0,-322.6
9.810,126.6,-323.1
9.826,123.6,-324.1
9.843,119.3,-325.7
9.860,113.4,-327.7
9.877,106.3,-330.0
9.893,97.89,-332.6
9.910,88.29,-335.5
9.927,77.54,-338.0
9.943,66.00,-340.5
9.960,53.90,-342.8
9.977,42.03,-345.2
9.993,29.30,-346.2
10.010,14.34,-347.5
10.027,1.946,-348.3
10.043,-11.62,-348.3
10.060,-25.26,-347.8
10.077,-37.09,-347.0
10.093,-49.28,-345.9
10.110,-59.60,-344.2
10.127,-70.86,-342.9
10.143,-79.55,-341.1
10.160,-87.37,-339.3
10.177,-93.96,-337.7
10.194,-99.71,-336.7
10.210,-103.8,-335.5
10.227,-106.6,-334.8
10.244,-107.5,-334.5
10.260,-107.1,-334.9
10.277,-105.2,-335.4
10.294,-102.2,-336.3
10.310,-97.61,-337.4
10.327,-91.98,-339.1
10.344,-85.07,-340.7
10.360,-77.19,-342.5
10.377,-67.10,-344.3
10.394,-57.06,-346.0
10.410,-45.65,-347.2
10.427,-33.64,-348.2
10.444,-21.21,-348.9
10.460,-7.963,-349.3
10.477,4.204,-348.8
10.494,18.39,-348.2
10.511,31.29,-347.2
10.527,43.99,-345.1
10.544,56.92,-343.3
10.561,68.16,-341.1
10.577,78.00,-338.6
10.594,88.50,-336.1
10.611,98.35,-333.2
10.627,105.2,-330.8
10.644,111.7,-328.6
10.661,116.8,-326.8
10.677,121.0,-325.2
10.694,123.5,-324.2
10.711,124.6,-323.6
10.727,124.4,-323.9
10.744,122.8,-324.4
10.761,119.6,-325.4
10.777,115.1,-327.0
10.794,109.0,-329.0
10.811,102.0,-331.2
10.827,93.63,-333.5
10.844,84.23,-336.2
10.861,73.70,-338.5
10.878,62.81,-341.0
10.894,51.14,-343.2
10.911,38.47,-344.9
10.928,26.11,-346.2
10.944,13.00,-347.1
10.961,-0.848,-347.9
10.978,-13.69,-347.9
10.994,-25.04,-347.3
11.011,-38.12,-346.6
11.028,-49.40,-345.6
11.044,-59.34,-344.2
11.061,-69.56,-342.7
11.078,-77.54,-341.2
11.094,-85.43,-339.6
11.111,-91.65,-338.4
11.128,-96.12,-337.3
11.144,-100.1,-336.5
11.161,-102.1,-336.0
11.178,-103.0,-335.8
11.195,-102.6,-335.9
11.211,-100.5,-336.5
11.228,-97.25,-337.6
11.245,-92.56,-338.7
11.261,-86.64,-340.1
11.278,-79.54,-341.6
11.295,-70.92,-343.4
11.311,-62.19,-344.9
11.328,-51.60,-346.3
11.345,-41.34,-347.7
11.361,-29.87,-348.6
11.378,-17.76,-349.2
11.395,-5.510,-349.1
11.411,6.958,-349.1
11.428,19.55,-348.0
11.445,32.09,-347.0
11.461,44.91,-345.3
11.478,55.70,-343.5
11.495,67.28,-341.1
11.511,77.08,-338.9
11.528,87.56,-336.0
11.545,95.87,-333.8
11.562,102.9,-331.6
11.578,108.9,-329.7
11.595,113.7,-328.0
11.612,117.1,-326.8
11.628,119.2,-325.8
11.645,119.9,-325.6
11.662,119.4,-325.9
11.678,117.2,-326.4
11.695,113.9,-327.7
11.712,109.5,-329.3
11.728,103.7,-331.0
11.745,96.51,-333.2
11.762,88.21,-335.4
11.778,78.73,-337.9
11.795,68.79,-340.2
11.812,57.99,-342.3
11.828,46.25,-344.1
11.845,33.99,-345.9
11.862,21.93,-346.9
11.879,9.040,-348.0
11.895,-3.209,-348.2
11.912,-15.50,-348.2
11.929,-27.88,-347.7
11.945,-39.24,-347.0
11.962,-49.68,-346.0
11.979,-59.53,-344.7
11.995,-68.11,-343.3
12.012,-76.22,-342.0
12.029,-83.56,-340.5
12.045,-89.06,-339.4
12.062,-93.49,-338.3
12.079,-96.60,-337.4
12.095,-98.03,-337.3
12.112,-98.65,-337.0
12.129,-97.71,-337.3
12.145,-95.89,-337.8
12.162,-92.44,-338.8
12.179,-87.81,-340.2
12.196,-82.07,-341.3
12.212,-75.09,-342.8
12.229,-66.95,-344.3
12.246,-58.17,-345.6
12.262,-48.19,-347.0
12.279,-37.38,-348.1
12.296,-26.16,-348.8
12.312,-14.22,-349.2
12.329,-1.947,-349.2
12.346,9.201,-348.7
12.362,21.56,-347.8
12.379,33.30,-346.6
12.396,44.96,-344.9
12.412,56.12,-343.2
12.429,67.22,-341.1
12.446,76.75,-338.8
12.462,85.49,-336.4
12.479,93.79,-334.3
12.496,100.5,-332.1
12.512,106.3,-330.2
12.529,110.8,-328.8
12.546,113.7,-327.6
12.563,115.6,-326.9
12.579,115.8,-326.7
12.596,115.0,-327.0
12.613,113.0,-328.0
12.629,109.1,-328.9
12.646,104.2,-330.5
12.663,98.49,-332.3
12.679,90.99,-334.6
12.696,83.10,-336.8
12.713,73.65,-339.0
12.729,63.83,-341.1
12.746,53.36,-343.1
12.763,41.42,-344.9
12.779,30.66,-346.2
12.796,19.52,-347.1
12.813,6.862,-347.9
12.829,-5.468,-348.1
12.846,-17.38,-348.1
12.863,-29.33,-347.8
12.880,-39.62,-347.0
12.896,-49.69,-346.0
12.913,-58.92,-345.0
12.930,-68.15,-343.6
12.946,-75.01,-342.4
12.963,-81.94,-341.0
12.980,-87.14,-340.0
12.996,-90.93,-339.1
13.013,-93.54,-338.2
13.030,-95.13,-338.0
13.046,-95.15,-338.0
13.063,-93.97,-338.3
13.080,-91.74,-339.0
13.096,-88.27,-339.8
13.113,-83.32,-340.9
13.130,-77.55,-342.2
13.146,-70.15,-343.6
13.163,-62.11,-345.0
13.180,-52.88,-346.3
13.197,-43.20,-347.2
13.213,-32.23,-348.2
13.230,-21.67,-348.5
13.247,-10.02,-348.9
13.263,1.638,-348.6
13.280,13.70,-348.3
13.297,25.67,-347.2
13.313,36.41,-345.8
13.330,48.38,-344.1
13.347,57.90,-342.5
13.363,67.75,-340.6
13.380,77.60,-338.3
13.397,85.81,-336.1
13.413,93.22,-334.1
13.430,99.25,-332.0
13.447,103.8,-330.5
13.463,107.7,-329.5
13.480,110.2,-328.5
13.497,111.7,-328.0
13.514,111.7,-328.0
13.530,110.6,-328.2
13.547,108.1,-329.2
13.564,104.2,-330.2
13.580,99.20,-331.9
13.597,92.94,-333.8
13.614,85.68,-335.8
13.630,77.59,-337.8
13.647,68.68,-340.0
13.664,58.85,-342.0
13.680,48.26,-343.7
13.697,37.60,-345.2
13.714,25.42,-346.5
13.730,14.87,-347.3
13.747,3.461,-348.0
13.764,-7.631,-348.1
13.780,-19.26,-348.1
13.797,-31.11,-347.6
13.814,-41.14,-346.9
13.830,-50.78,-346.0
13.847,-59.76,-344.9
13.864,-67.67,-343.7
13.881,-74.35,-342.7
13.897,-80.09,-341.7
13.914,-84.79,-340.9
13.931,-88.32,-339.9
13.947,-90.64,-339.4
13.964,-91.40,-339.5
13.981,-91.19,-339.6
13.997,-89.63,-340.1
14.014,-87.07,-340.6
14.031,-83.30,-341.7
14.047,-78.26,-342.8
14.064,-72.11,-343.9
14.081,-64.88,-345.2
14.097,-57.08,-346.4
14.114,-48.20,-347.5
14.131,-38.96,-348.6
14.147,-28.33,-349.1
14.164,-18.10,-349.6
14.181,-7.185,-349.7
14.198,4.290,-349.4
14.214,15.48,-348.7
14.231,26.93,-347.7
14.248,37.82,-346.5
14.264,48.61,-344.8
14.281,58.58,-343.0
14.298,68.50,-341.0
14.314,77.09,-339.0
14.331,84.72,-337.0
14.348,91.61,-335.0
14.364,97.45,-333.2
14.381,102.2,-331.7
14.398,105.3,-330.7
14.414,107.5,-330.0
14.431,108.3,-329.7
14.448,108.2,-329.8
14.464,106.6,-330.2
14.481,103.9,-330.9
14.498,99.88,-332.2
14.514,94.59,-333.8
14.531,88.64,-335.3
14.548,81.23,-337.4
14.565,73.00,-339.0
14.581,63.86,-341.1
14.598,54.01,-343.0
14.615,43.56,-344.5
14.631,33.37,-346.0
14.648,22.11,-347.3
14.665,10.56,-347.9
14.681,-9.910E-2,-348.4
14.698,-11.00,-348.3
14.715,-21.64,-348.2
14.731,-32.46,-347.7
14.748,-41.64,-346.9
14.765,-50.40,-346.2
14.781,-58.63,-345.1
14.798,-66.31,-343.9
14.815,-72.41,-342.8
14.831,-77.84,-341.9
14.848,-81.89,-341.2
14.865,-85.04,-340.5
14.882,-86.70,-340.1
14.898,-87.14,-340.1
14.915,-86.45,-340.3
14.932,-84.90,-340.6
14.948,-82.16,-341.4
14.965,-77.97,-342.2
14.982,-72.63,-343.2
14.998,-66.16,-344.4
15.015,-59.51,-345.4
15.032,-51.71,-346.7
15.048,-42.94,-347.6
15.065,-33.20,-348.4
15.082,-23.54,-349.0
15.098,-12.87,-349.1
15.115,-2.792,-349.2
15.132,8.295,-348.7
15.148,19.14,-348.0
15.165,29.91,-347.0
15.182,39.91,-345.5
15.199,50.18,-344.0
15.215,59.76,-342.2
15.232,68.77,-340.4
15.249,76.60,-338.5
15.265,83.88,-336.8
15.282,90.07,-335.1
15.299,94.76,-333.6
15.315,98.93,-332.4
15.332,101.7,-331.3
15.349,103.4,-330.7
15.365,104.0,-330.7
15.382,103.0,-330.8
15.399,101.0,-331.3
15.415,98.13,-332.5
15.432,93.85,-333.9
15.449,88.44,-335.3
15.465,82.23,-337.0
15.482,74.92,-338.7
15.499,66.68,-340.7
15.515,57.96,-342.5
15.532,48.28,-344.2
15.549,38.24,-345.6
15.566,27.86,-346.9
15.582,17.11,-347.7
15.599,6.873,-348.2
15.616,-4.381,-348.6
15.632,-15.37,-348.7
15.649,-25.20,-348.5
15.666,-34.71,-348.1
15.682,-43.71,-347.3
15.699,-52.21,-346.4
15.716,-59.85,-345.6
15.732,-66.28,-344.7
15.749,-71.92,-343.7
15.766,-76.50,-342.9
15.782,-80.06,-342.3
15.799,-82.70,-341.8
15.816,-84.11,-341.5
15.832,-84.34,-341.6
15.849,-83.25,-341.9
15.866,-81.16,-342.4
15.883,-77.97,-343.0
15.899,-73.80,-343.8
15.916,-68.32,-344.6
15.933,-62.10,-345.9
15.949,-54.97,-346.8
15.966,-47.35,-347.6
15.983,-38.27,-348.5
15.999,-28.90,-349.1
16.016,-19.64,-349.4
16.033,-9.238,-349.4
16.049,0.964,-349.3
16.066,11.60,-348.5
16.083,21.92,-347.8
16.099,32.11,-346.8
16.116,42.05,-345.5
16.133,51.84,-344.0
16.149,60.71,-342.2
16.166,68.99,-340.5
16.183,76.28,-338.9
16.200,82.80,-337.2
16.216,88.31,-335.5
16.233,93.08,-334.4
16.250,96.53,-333.1
16.266,98.87,-332.3
16.283,99.84,-332.0
16.300,99.85,-332.0
16.316,98.87,-332.2
16.333,96.65,-332.6
16.350,93.13,-333.7
16.366,88.82,-335.2
16.383,83.11,-336.6
16.400,76.77,-338.2
16.416,69.19,-339.7
16.433,61.06,-341.6
16.450,52.15,-343.4
16.466,42.80,-344.6
16.483,32.98,-346.0
16.500,22.81,-347.0
16.517,12.66,-348.0
16.533,2.462,-348.4
16.550,-7.990,-349.0
16.567,-17.91,-348.7
16.583,-27.75,-348.4
16.600,-36.55,-348.0
16.617,-44.73,-347.4
16.633,-52.89,-346.5
16.650,-59.76,-345.7
16.667,-66.01,-344.9
16.683,-71.17,-343.9
16.700,-75.14,-343.1
16.717,-78.19,-342.6
16.733,-80.10,-342.4
16.750,-80.81,-342.2
16.767,-80.96,-342.4
16.783,-79.44,-342.7
16.800,-76.88,-343.3
16.817,-73.37,-343.9
16.833,-68.69,-344.7
16.850,-63.14,-345.5
16.867,-56.93,-346.5
16.884,-49.74,-347.5
16.900,-41.94,-348.3
16.917,-33.24,-349.0
16.934,-24.19,-349.2
16.950,-14.41,-349.2
16.967,-4.572,-349.1
16.984,5.448,-348.8
17.000,15.93,-348.2
17.017,26.03,-347.2
17.034,35.52,-346.1
17.050,44.79,-344.6
17.067,53.90,-343.1
17.084,62.00,-341.6
17.100,69.69,-339.9
17.117,76.65,-338.4
17.134,82.47,-336.6
17.150,87.36,-335.4
17.167,91.62,-334.4
17.184,94.46,-333.4
17.201,96.29,-332.8
17.217,96.86,-332.6
17.234,96.36,-332.7
17.251,94.85,-333.2
17.267,92.19,-333.9
17.284,88.50,-335.0
17.301,83.83,-336.2
17.317,78.19,-337.6
17.334,71.52,-339.3
17.351,64.22,-340.8
17.367,56.01,-342.4
17.384,47.23,-343.9
17.401,38.08,-345.1
17.417,28.18,-346.3
17.434,18.37,-347.2
17.451,8.777,-347.9
17.467,-0.979,-348.4
17.484,-10.96,-348.2
17.501,-20.33,-348.2
17.517,-29.23,-347.9
17.534,-37.99,-347.4
17.551,-45.90,-346.8
17.568,-53.06,-346.1
17.584,-59.13,-345.3
17.601,-64.79,-344.3
17.618,-69.43,-343.6
17.634,-72.85,-343.2
17.651,-75.42,-342.6
17.668,-76.61,-342.4
17.684,-77.02,-342.6
17.701,-76.52,-342.9
17.718,-74.40,-343.1
17.734,-71.65,-343.6
17.751,-67.84,-344.4
17.768,-63.12,-345.3
17.784,-57.62,-346.0
17.801,-50.79,-346.8
17.818,-43.70,-347.5
17.834,-35.86,-348.3
17.851,-27.51,-348.7
17.868,-18.71,-348.9
17.885,-9.032,-349.2
17.901,0.269,-348.7
17.918,9.771,-348.4
17.935,19.60,-347.8
17.951,29.32,-346.9
17.968,38.62,-345.7
17.985,47.34,-344.5
18.001,56.11,-343.1
18.018,63.48,-341.5
18.035,70.54,-339.9
18.051,76.75,-338.6
18.068,82.16,-337.4
18.085,86.29,-336.2
18.101,89.37,-335.2
18.118,91.77,-334.3
18.135,92.99,-333.8
18.151,93.23,-333.8
18.168,92.08,-334.2
18.185,90.20,-334.4
18.202,87.18,-335.3
18.218,83.03,-336.5
18.235,77.97,-337.9
18.252,72.17,-339.1
18.268,65.36,-340.4
18.285,58.52,-341.8
18.302,50.54,-343.6
18.318,41.13,-345.0
18.335,32.15,-346.3
18.352,23.26,-347.0
18.368,13.56,-347.9
18.385,3.994,-348.4
18.402,-5.374,-348.5
18.418,-14.45,-348.7
18.435,-23.14,-348.5
18.452,-31.70,-348.3
18.468,-39.74,-347.7
18.485,-46.94,-347.0
18.502,-53.58,-346.2
18.518,-59.10,-345.4
18.535,-63.95,-345.1
18.552,-67.90,-344.3
18.569,-70.90,-343.7
18.585,-72.99,-343.5
18.602,-73.98,-343.5
18.619,-74.01,-343.6
18.635,-72.77,-343.9
18.652,-70.73,-344.3
18.669,-67.66,-344.7
18.685,-63.42,-345.4
18.702,-58.37,-346.3
18.719,-52.59,-346.9
18.735,-45.89,-347.8
18.752,-38.72,-348.3
18.769,-30.95,-349.0
18.785,-22.49,-349.1
18.802,-13.47,-349.2
18.819,-4.729,-349.0
18.835,4.654,-348.8
18.852,13.83,-348.2
18.869,23.28,-347.4
18.886,32.27,-346.6
18.902,40.64,-345.4
18.919,48.96,-344.2
18.936,56.83,-342.7
18.952,63.93,-341.3
18.969,70.09,-339.7
18.986,75.53,-338.5
19.002,80.40,-337.3
19.019,84.24,-336.3
19.036,86.86,-335.4
19.052,88.58,-335.0
19.069,89.19,-334.7
19.086,89.04,-334.8
19.102,87.74,-335.1
19.119,85.26,-335.9
19.136,81.91,-336.7
19.152,77.62,-338.1
19.169,72.31,-339.2
19.186,66.64,-340.6
19.203,59.98,-341.9
19.219,52.60,-343.2
19.236,44.62,-344.6
19.253,36.54,-345.9
19.269,27.45,-347.2
19.286,18.72,-347.7
19.303,9.560,-348.3
19.319,0.754,-348.6
19.336,-8.574,-348.8
19.353,-17.08,-348.8
19.369,-25.62,-348.5
19.386,-33.24,-348.3
19.403,-40.48,-347.9
19.419,-47.12,-347.2
19.436,-53.15,-346.6
19.453,-58.14,-345.9
19.469,-62.50,-345.3
19.486,-65.77,-344.8
19.503,-68.14,-344.5
19.520,-69.56,-344.3
19.536,-69.96,-344.3
