,mass A,,
t,x,y,
0.000,-186.7,-293.2
0.017,-181.9,-297.4
0.033,-176.2,-303.2
0.050,-160.0,-310.1
0.067,-146.4,-316.3
0.084,-129.8,-323.1
0.100,-114.0,-329.8
0.117,-98.72,-335.2
0.134,-78.70,-340.2
0.150,-58.35,-344.2
0.167,-40.24,-347.4
0.184,-16.10,-349.4
0.200,6.638,-349.1
0.217,30.72,-348.0
0.234,53.10,-345.3
0.251,75.06,-340.5
0.267,95.82,-335.4
0.284,114.7,-329.4
0.301,133.2,-323.0
0.317,142.4,-316.2
0.334,156.0,-309.1
0.351,175.3,-302.0
0.367,178.3,-297.4
0.384,192.0,-291.9
0.401,198.1,-288.6
0.418,201.0,-286.5
0.434,199.1,-285.8
0.451,199.5,-286.2
0.468,195.5,-288.4
0.484,188.3,-291.9
0.501,180.2,-296.6
0.518,168.8,-302.2
0.534,155.9,-308.3
0.551,140.1,-314.5
0.568,123.3,-320.7
0.585,104.3,-326.4
0.601,77.76,-332.0
0.618,58.04,-336.4
0.635,37.20,-339.5
0.651,16.06,-341.5
0.668,-5.513,-342.0
0.685,-32.88,-341.3
0.701,-50.06,-339.5
0.718,-68.33,-336.9
0.735,-89.47,-333.2
0.752,-104.5,-329.1
0.768,-120.9,-324.4
0.785,-132.5,-320.1
0.802,-143.4,-316.0
0.818,-153.9,-312.1
0.835,-160.2,-309.1
0.852,-168.1,-306.5
0.868,-167.1,-306.0
0.885,-167.3,-306.0
0.902,-165.9,-307.1
0.919,-162.9,-309.3
0.935,-160.1,-312.6
0.952,-150.6,-316.4
0.969,-140.0,-321.1
0.985,-128.1,-326.1
1.002,-112.2,-331.0
1.019,-97.47,-336.0
1.035,-81.55,-340.3
1.052,-63.49,-344.1
1.069,-43.77,-346.9
1.086,-23.01,-348.7
1.102,-2.285,-349.1
1.119,17.72,-348.4
1.136,39.32,-346.1
1.152,54.66,-343.2
1.169,78.39,-339.1
1.186,96.46,-334.2
1.202,113.9,-328.6
1.219,129.5,-322.1
1.236,143.2,-316.3
1.253,155.9,-310.3
1.269,166.3,-305.0
1.286,175.1,-300.4
1.303,180.7,-296.7
1.319,184.6,-294.2
1.336,185.9,-293.0
1.353,185.3,-293.1
1.369,182.9,-294.3
1.386,178.1,-296.6
1.403,170.9,-300.1
1.420,160.9,-304.4
1.436,150.1,-309.3
1.453,137.0,-315.0
1.470,122.0,-320.7
1.486,105.5,-326.0
1.503,87.51,-331.1
1.520,68.51,-335.5
1.536,49.04,-339.0
1.553,29.09,-341.9
1.570,8.513,-343.2
1.587,-11.09,-343.9
1.603,-33.82,-343.1
1.620,-53.56,-341.2
1.637,-69.62,-339.0
1.653,-84.26,-336.1
1.670,-97.82,-333.0
1.687,-112.0,-329.3
1.703,-121.5,-325.9
1.720,-134.6,-322.3
1.737,-139.0,-320.0
1.754,-143.7,-318.1
1.770,-151.9,-316.3
1.787,-149.9,-316.2
1.804,-152.6,-316.3
1.820,-147.1,-318.1
1.837,-143.2,-320.1
1.854,-136.0,-323.1
1.870,-131.0,-326.4
1.887,-117.9,-330.3
1.904,-105.1,-334.1
1.921,-91.59,-337.8
1.937,-78.20,-341.4
1.954,-63.10,-344.5
1.971,-44.77,-347.2
1.987,-29.72,-348.4
2.004,-7.992,-349.1
2.021,10.13,-348.6
2.037,29.81,-347.0
2.054,46.18,-344.6
2.071,62.37,-341.2
2.088,77.05,-337.1
2.104,94.00,-332.4
2.121,114.0,-326.8
2.138,123.1,-321.9
2.154,134.6,-317.0
2.171,147.2,-312.1
2.188,152.3,-308.2
2.204,162.2,-304.4
2.221,162.5,-302.2
2.238,163.0,-300.9
2.255,164.4,-300.4
2.271,161.5,-300.9
2.288,157.4,-302.9
2.305,153.2,-305.4
2.321,144.8,-309.0
2.338,136.2,-313.0
2.355,121.6,-317.9
2.371,111.0,-322.5
2.388,96.87,-326.8
2.405,81.40,-331.6
2.422,65.55,-335.3
2.438,46.70,-338.8
2.455,29.92,-341.7
2.472,8.659,-343.3
2.488,-9.262,-344.3
2.505,-30.14,-344.2
2.522,-46.51,-343.2
2.538,-61.11,-341.5
2.555,-75.94,-339.4
2.572,-86.29,-336.9
2.589,-100.7,-334.2
2.605,-112.8,-331.4
2.622,-117.9,-329.0
2.639,-128.6,-326.5
2.655,-134.8,-324.5
2.672,-138.3,-323.3
2.689,-137.8,-323.0
2.705,-137.7,-323.0
2.722,-133.0,-323.9
2.739,-134.0,-325.3
2.756,-130.2,-327.6
2.772,-122.6,-330.2
2.789,-113.1,-333.1
2.806,-103.7,-336.2
2.822,-92.31,-339.1
2.839,-80.35,-342.2
2.856,-67.35,-344.5
2.872,-50.68,-346.4
2.889,-35.69,-347.5
2.906,-17.95,-347.9
2.923,2.081,-347.4
2.939,20.10,-346.3
2.956,38.78,-344.0
2.973,54.74,-341.3
2.989,69.46,-338.1
3.006,84.92,-334.0
3.023,99.37,-329.5
3.039,111.3,-325.2
3.056,118.2,-321.0
3.073,127.7,-317.0
3.090,136.3,-313.4
3.106,142.1,-310.3
3.123,145.3,-308.3
3.140,144.5,-307.1
3.156,147.9,-306.3
3.173,144.0,-307.1
3.190,142.6,-308.3
3.206,137.8,-310.2
3.223,130.8,-313.2
3.240,120.1,-316.8
3.257,113.0,-320.4
3.273,101.9,-324.4
3.290,87.79,-328.2
3.307,75.97,-332.3
3.323,58.95,-335.8
3.340,44.78,-338.5
3.357,29.75,-341.0
3.373,15.00,-342.9
3.390,-6.722,-343.5
3.407,-17.99,-344.2
3.424,-36.50,-343.2
3.440,-49.27,-342.1
3.457,-60.15,-341.2
3.474,-76.14,-338.3
3.490,-86.82,-336.2
3.507,-95.67,-334.0
3.524,-103.5,-332.0
3.540,-110.6,-329.9
3.557,-116.9,-328.3
3.574,-120.2,-327.1
3.591,-123.0,-326.4
3.607,-123.4,-326.2
3.624,-121.3,-327.0
3.641,-118.6,-328.0
3.657,-113.5,-329.9
3.674,-110.3,-331.3
3.691,-103.4,-333.3
3.707,-93.58,-336.2
3.724,-81.65,-339.1
3.741,-69.93,-341.1
3.758,-57.88,-343.0
3.774,-48.51,-344.3
3.791,-34.40,-345.2
3.808,-13.25,-346.1
3.824,0.530,-346.1
3.841,16.75,-345.0
3.858,27.25,-343.5
3.874,42.79,-341.2
3.891,57.39,-338.2
3.908,70.32,-335.2
3.925,88.65,-331.5
3.941,94.89,-328.1
3.958,108.1,-324.4
3.975,116.7,-321.1
3.991,121.8,-317.9
4.008,130.0,-315.4
4.025,136.9,-313.2
4.041,136.6,-311.9
4.058,139.7,-311.3
4.075,135.9,-311.9
4.092,133.6,-313.0
4.108,127.6,-315.0
4.125,123.4,-317.2
4.142,115.5,-320.0
4.158,108.1,-323.4
4.175,94.51,-327.0
4.192,86.82,-330.3
4.208,73.75,-333.6
4.225,61.34,-336.5
4.242,44.65,-339.1
4.259,31.48,-341.4
4.275,15.87,-342.8
4.292,2.110,-344.0
4.309,-14.89,-344.6
4.325,-25.81,-344.4
4.342,-38.61,-343.9
4.359,-51.34,-343.1
4.375,-64.08,-341.6
4.392,-74.44,-339.6
4.409,-82.58,-337.9
4.426,-91.35,-336.3
4.442,-98.79,-334.5
4.459,-103.0,-333.2
4.476,-106.7,-332.4
4.492,-107.6,-331.7
4.509,-108.0,-331.9
4.526,-107.5,-332.3
4.542,-105.0,-333.1
4.559,-101.1,-334.1
4.576,-95.13,-335.9
4.593,-88.26,-337.8
4.609,-81.79,-339.4
4.626,-72.63,-341.4
4.643,-61.32,-343.0
4.659,-48.29,-344.7
4.676,-36.43,-345.8
4.693,-24.34,-346.3
4.709,-12.78,-346.6
4.726,1.259,-346.3
4.743,17.71,-345.0
4.760,31.87,-343.6
4.776,45.02,-341.4
4.793,58.10,-338.9
4.810,70.19,-336.4
4.826,81.95,-333.2
4.843,92.71,-330.0
4.860,102.0,-327.1
4.876,109.9,-324.3
4.893,116.9,-321.6
4.910,122.1,-319.3
4.927,126.4,-317.7
4.943,128.4,-316.9
4.960,128.6,-316.5
4.977,128.4,-316.7
4.993,126.1,-317.5
5.010,121.4,-319.1
5.027,116.1,-321.3
5.043,109.4,-323.5
5.060,101.4,-326.2
5.077,91.40,-329.1
5.094,80.90,-332.3
5.110,69.91,-335.1
5.127,58.24,-337.8
5.144,45.17,-340.1
5.160,32.89,-342.1
5.177,19.16,-343.5
5.194,6.182,-344.3
5.210,-6.431,-345.1
5.227,-18.72,-345.2
5.244,-33.63,-344.5
5.261,-43.16,-343.7
5.277,-53.59,-342.9
5.294,-64.71,-341.4
5.311,-71.94,-340.3
5.327,-77.91,-338.9
5.344,-83.24,-337.9
5.361,-88.01,-337.1
5.377,-91.66,-336.3
5.394,-92.70,-335.9
5.411,-93.08,-336.0
5.428,-92.55,-336.2
5.444,-89.28,-336.8
5.461,-85.46,-337.7
5.478,-80.89,-339.0
5.494,-75.13,-340.3
5.511,-66.98,-341.9
5.528,-59.10,-343.0
5.544,-50.03,-344.4
5.561,-39.85,-345.3
5.578,-27.86,-346.1
5.595,-17.83,-346.5
5.611,-4.587,-346.1
5.628,6.810,-345.4
5.645,19.70,-344.5
5.661,32.99,-343.1
5.678,43.93,-341.4
5.695,55.65,-339.3
5.711,67.37,-336.9
5.728,77.00,-334.5
5.745,86.71,-331.8
5.762,94.85,-329.4
5.778,102.2,-326.9
5.795,108.1,-324.9
5.812,112.4,-323.4
5.828,115.9,-321.9
5.845,117.6,-321.3
5.862,117.9,-321.1
5.878,116.9,-321.4
5.895,114.9,-322.2
5.912,110.7,-323.6
5.929,105.4,-325.2
5.945,99.15,-327.3
5.962,91.84,-329.7
5.979,82.99,-332.2
5.995,73.51,-334.5
6.012,63.12,-336.9
6.029,51.99,-339.3
6.045,41.18,-341.2
6.062,29.54,-343.0
6.079,17.39,-344.3
6.096,5.923,-345.1
6.112,-6.137,-345.5
6.129,-17.91,-345.4
6.146,-28.02,-345.2
6.162,-38.74,-344.4
6.179,-46.58,-343.9
6.196,-55.07,-343.1
6.212,-61.61,-341.9
6.229,-69.02,-341.3
6.246,-73.55,-339.8
6.263,-77.78,-339.2
6.279,-79.28,-338.7
6.296,-80.85,-338.9
6.313,-80.75,-338.9
6.329,-79.80,-339.0
6.346,-78.16,-339.4
6.363,-74.16,-340.0
6.379,-69.48,-341.1
6.396,-64.17,-342.1
6.413,-57.51,-343.2
6.430,-49.65,-344.1
6.446,-40.86,-345.2
6.463,-29.57,-346.0
6.480,-20.42,-346.2
6.496,-10.85,-346.1
6.513,0.849,-346.1
6.530,10.14,-345.3
6.546,20.87,-344.5
6.563,33.94,-343.1
6.580,44.01,-341.3
6.597,53.43,-339.4
6.613,63.11,-337.4
6.630,72.27,-335.4
6.647,80.95,-333.3
6.663,87.94,-331.3
6.680,93.93,-329.4
6.697,99.30,-327.8
6.713,102.3,-326.5
6.730,105.6,-325.7
6.747,106.3,-325.3
6.764,106.3,-325.3
6.780,105.5,-325.8
6.797,102.2,-326.6
6.814,99.19,-327.8
6.830,93.94,-329.4
6.847,87.91,-331.2
6.864,81.02,-333.0
6.880,73.01,-335.2
6.897,64.29,-337.1
6.914,54.95,-339.2
6.931,45.88,-341.1
6.947,35.51,-342.2
6.964,25.21,-343.9
6.981,13.30,-344.5
6.997,3.986,-345.2
7.014,-5.145,-345.9
7.031,-15.15,-346.1
7.047,-24.90,-346.0
7.064,-33.79,-345.2
7.081,-41.98,-344.5
7.098,-47.71,-344.1
7.114,-55.32,-343.1
7.131,-60.45,-342.2
7.148,-63.38,-341.8
7.164,-67.93,-341.2
7.181,-69.16,-341.0
7.198,-69.60,-340.8
7.214,-69.60,-341.0
7.231,-68.64,-341.1
7.248,-66.94,-341.5
7.265,-62.95,-342.3
7.281,-57.72,-343.1
7.298,-52.05,-344.2
7.315,-45.03,-344.9
7.331,-38.44,-345.3
7.348,-32.54,-345.5
7.365,-21.97,-346.1
7.381,-14.50,-346.4
7.398,-4.100,-346.3
7.415,5.780,-345.8
7.432,14.37,-345.1
7.448,26.13,-343.9
7.465,34.88,-342.6
7.482,44.53,-341.2
7.498,53.10,-339.6
7.515,61.91,-337.9
7.532,69.09,-336.4
7.548,75.60,-334.5
7.565,82.00,-333.0
7.582,86.22,-331.5
7.599,90.65,-330.2
7.615,93.31,-329.2
7.632,95.57,-328.7
7.649,95.91,-328.8
7.665,95.41,-329.1
7.682,93.60,-329.3
7.699,90.87,-330.4
7.715,87.03,-331.5
7.732,82.61,-332.8
7.749,76.29,-334.5
7.766,69.79,-336.1
7.782,62.64,-337.7
7.799,54.28,-339.6
7.816,46.63,-341.0
7.832,37.50,-342.5
7.849,27.75,-343.4
7.866,18.11,-344.5
7.882,9.411,-345.2
7.899,0.864,-345.8
7.916,-7.722,-346.1
7.933,-15.91,-345.8
7.949,-24.39,-346.0
7.966,-32.63,-345.4
7.983,-37.76,-345.1
7.999,-44.45,-344.3
8.016,-48.75,-344.1
8.033,-53.99,-343.4
8.049,-56.26,-343.1
8.066,-57.80,-342.9
8.083,-59.02,-343.0
8.100,-59.46,-342.9
8.116,-58.55,-343.0
8.133,-57.07,-343.2
8.150,-54.91,-343.4
8.166,-51.25,-343.5
8.183,-46.67,-344.1
8.200,-40.70,-344.8
8.216,-35.16,-345.3
8.233,-28.35,-345.5
8.250,-20.47,-345.9
8.267,-12.41,-345.9
8.283,-3.953,-345.8
8.300,4.076,-345.5
8.317,12.87,-345.0
8.333,21.48,-344.3
8.350,30.24,-343.2
8.367,38.46,-342.2
8.383,46.40,-340.9
8.400,53.65,-339.6
8.417,60.41,-338.1
8.434,66.88,-337.0
8.450,72.47,-335.7
8.467,76.48,-334.4
8.484,80.27,-333.4
8.500,83.19,-332.4
8.517,85.30,-332.1
8.534,85.88,-331.9
8.550,86.02,-331.9
8.567,84.97,-332.2
8.584,83.27,-332.9
8.601,80.04,-334.0
8.617,76.59,-334.9
8.634,71.69,-336.1
8.651,65.98,-337.4
8.667,59.43,-338.6
8.684,52.94,-340.1
8.701,44.96,-341.6
8.717,38.22,-342.5
8.734,30.06,-343.5
8.751,21.15,-344.5
8.768,13.58,-345.0
8.784,5.679,-345.3
8.801,-1.503,-345.9
8.818,-10.35,-346.1
8.834,-16.83,-346.0
8.851,-22.17,-345.8
8.868,-28.10,-345.9
8.884,-35.11,-345.3
8.901,-39.46,-345.1
8.918,-44.10,-344.5
8.935,-47.15,-344.2
8.951,-48.69,-343.9
8.968,-49.81,-343.9
8.985,-51.30,-343.5
9.001,-50.96,-343.5
9.018,-48.99,-343.9
9.035,-46.90,-344.0
9.051,-43.89,-344.3
9.068,-40.39,-344.5
9.085,-35.69,-344.8
9.102,-29.09,-345.3
9.118,-24.99,-345.6
9.135,-17.88,-345.8
9.152,-10.99,-345.9
9.168,-3.982,-346.0
9.185,2.647,-345.5
9.202,11.19,-344.9
9.218,18.36,-344.4
9.235,25.71,-343.6
9.252,33.50,-342.8
9.269,40.15,-342.0
9.285,47.27,-340.7
9.302,53.45,-339.8
9.319,59.13,-338.9
9.335,64.63,-337.7
9.352,68.72,-336.7
9.369,71.96,-336.0
9.385,74.65,-335.2
9.402,76.30,-334.6
9.419,77.40,-334.4
9.436,77.28,-334.5
9.452,76.84,-334.6
9.469,75.72,-335.0
9.486,73.22,-335.7
9.502,69.56,-336.5
9.519,65.55,-337.5
9.536,60.57,-338.5
9.552,55.98,-339.7
9.569,50.02,-340.9
9.586,43.83,-342.1
9.603,37.18,-343.1
9.619,30.50,-343.9
9.636,22.66,-344.9
9.653,15.07,-345.4
9.669,8.676,-345.9
9.686,1.495,-346.3
9.703,-5.169,-346.3
9.719,-11.59,-346.3
9.736,-17.30,-346.2
9.753,-23.10,-346.1
9.770,-27.94,-346.0
9.786,-32.62,-345.5
9.803,-36.42,-345.3
9.820,-38.85,-345.1
9.836,-40.91,-345.2
9.853,-42.62,-344.5
9.870,-43.55,-344.4
9.886,-43.53,-344.4
9.903,-42.15,-344.6
9.920,-40.82,-344.6
9.937,-38.37,-344.5
9.953,-34.18,-344.8
9.970,-29.90,-345.2
9.987,-26.44,-345.2
10.003,-20.30,-345.7
10.020,-16.46,-345.5
10.037,-10.77,-345.6
10.053,-4.630,-345.5
10.070,2.285,-345.3
10.087,9.178,-344.8
10.104,15.25,-344.5
10.120,21.93,-344.0
10.137,30.36,-343.0
10.154,35.92,-342.3
10.170,41.60,-341.4
10.187,46.51,-340.6
10.204,51.86,-339.5
10.220,56.22,-338.6
10.237,60.92,-337.9
10.254,63.52,-337.4
10.271,66.44,-336.8
10.287,67.84,-336.4
10.304,69.16,-336.3
10.321,69.42,-336.3
10.337,68.29,-336.4
10.354,67.80,-336.7
10.371,65.32,-337.4
10.387,62.62,-337.9
10.404,59.31,-338.8
10.421,55.34,-339.8
10.438,50.38,-340.4
10.454,45.35,-341.3
10.471,40.29,-342.1
10.488,34.89,-343.1
10.504,28.66,-344.0
10.521,22.01,-344.5
10.538,16.28,-345.1
10.554,9.809,-345.4
10.571,4.444,-345.9
10.588,-1.267,-345.9
10.605,-6.966,-346.1
10.621,-13.13,-346.2
10.638,-16.89,-346.0
10.655,-21.07,-346.1
10.671,-24.79,-346.0
10.688,-29.21,-345.4
10.705,-31.55,-345.3
10.721,-33.06,-345.3
10.738,-33.95,-345.2
10.755,-34.47,-345.2
10.772,-34.49,-345.2
10.788,-33.59,-345.2
10.805,-32.27,-345.2
10.822,-30.65,-345.4
10.838,-27.99,-345.4
10.855,-24.39,-345.3
10.872,-19.82,-345.4
10.888,-14.92,-345.8
10.905,-10.45,-345.8
10.922,-5.090,-346.0
10.939,-0.698,-345.3
10.955,4.977,-345.3
10.972,11.28,-344.9
10.989,17.24,-344.8
11.005,22.70,-344.0
11.022,28.24,-343.4
11.039,34.15,-342.9
11.055,38.90,-342.2
11.072,43.79,-341.2
11.089,48.38,-340.8
11.106,51.59,-340.1
11.122,54.34,-339.5
11.139,57.96,-339.1
11.156,59.67,-338.5
11.172,61.01,-338.2
11.189,62.10,-338.2
11.206,62.12,-338.2
11.222,61.56,-338.2
11.239,60.03,-338.5
11.256,58.68,-338.9
11.273,55.78,-339.4
11.289,52.84,-340.2
11.306,49.63,-340.7
11.323,45.04,-341.5
11.339,41.06,-342.3
11.356,36.46,-342.8
11.373,31.32,-343.8
11.389,25.96,-344.3
11.406,21.34,-344.8
11.423,15.06,-345.3
11.440,10.43,-345.8
11.456,5.140,-346.1
11.473,-2.830E-2,-346.4
11.490,-4.664,-346.3
11.506,-9.060,-346.4
11.523,-12.78,-346.3
11.540,-17.08,-346.2
11.556,-19.84,-346.1
11.573,-22.83,-346.1
11.590,-24.48,-345.9
11.607,-26.48,-345.8
11.623,-26.39,-345.9
11.640,-26.82,-346.2
11.657,-26.43,-345.9
11.673,-26.64,-345.9
11.690,-24.59,-346.0
11.707,-23.20,-346.0
11.723,-20.48,-346.2
11.740,-17.37,-346.1
11.757,-14.93,-346.2
11.774,-11.02,-346.1
11.790,-6.266,-345.9
11.807,-2.054,-346.0
11.824,2.065,-345.6
11.840,7.372,-345.4
11.857,12.35,-345.1
11.874,17.50,-345.0
11.890,21.85,-344.4
11.907,27.27,-343.8
11.924,31.17,-343.3
11.941,35.39,-342.6
11.957,39.78,-342.0
11.974,43.48,-341.4
11.991,47.08,-340.9
12.007,49.13,-340.5
12.024,51.54,-340.1
12.041,53.42,-339.9
12.057,54.30,-339.7
12.074,54.68,-339.9
12.091,54.70,-339.7
12.108,54.02,-340.2
12.124,52.83,-340.2
12.141,50.34,-340.5
12.158,48.41,-341.0
12.174,45.67,-341.5
12.191,42.32,-342.0
12.208,39.14,-342.8
12.224,35.00,-343.4
12.241,30.69,-344.0
12.258,26.23,-344.6
12.275,21.93,-344.7
12.291,17.48,-345.2
12.308,12.47,-345.4
12.325,8.085,-345.6
12.341,3.542,-345.6
12.358,-8.608E-2,-345.9
12.375,-3.944,-346.0
12.391,-7.595,-346.0
12.408,-11.60,-346.2
12.425,-13.82,-346.0
12.442,-16.75,-346.1
12.458,-18.94,-346.1
12.475,-20.19,-345.9
12.492,-21.38,-345.8
12.508,-21.61,-345.9
12.525,-21.59,-345.9
12.542,-21.44,-345.9
12.558,-20.62,-345.9
12.575,-18.81,-346.0
12.592,-17.30,-346.0
12.609,-14.86,-346.1
12.625,-11.90,-346.0
12.642,-8.672,-346.0
12.659,-5.088,-346.1
12.675,-1.379,-346.0
12.692,2.578,-345.8
12.709,6.388,-345.5
12.725,10.93,-345.2
12.742,15.47,-345.1
12.759,18.96,-344.7
12.776,23.34,-344.2
12.792,27.78,-343.7
12.809,31.24,-343.3
12.826,34.93,-343.1
12.842,38.30,-342.5
12.859,41.37,-342.0
12.876,43.97,-341.8
12.892,45.77,-341.5
12.909,47.24,-341.4
12.926,48.49,-341.0
12.943,49.21,-341.0
12.959,49.29,-341.1
12.976,48.45,-341.3
12.993,48.13,-341.3
13.009,46.71,-341.4
13.026,45.20,-341.8
13.043,42.84,-342.1
13.059,40.39,-342.8
13.076,37.51,-343.1
13.093,33.97,-343.6
13.110,30.85,-344.0
13.126,27.15,-344.3
13.143,23.64,-344.7
13.160,19.58,-345.1
13.176,15.16,-345.5
13.193,11.29,-345.6
13.210,8.184,-345.8
13.226,4.434,-346.0
13.243,0.732,-346.1
13.260,-2.514,-346.1
13.277,-5.697,-346.2
13.293,-8.261,-346.1
13.310,-10.63,-346.2
13.327,-12.34,-346.1
13.343,-14.62,-346.1
13.360,-15.59,-346.1
13.377,-15.95,-346.0
13.393,-15.83,-346.1
13.410,-15.78,-346.1
13.427,-15.21,-346.0
13.444,-14.04,-346.2
13.460,-12.51,-346.1
13.477,-10.61,-346.1
13.494,-8.240,-345.8
13.510,-5.546,-345.9
13.527,-2.357,-345.9
13.544,0.553,-345.9
13.560,3.839,-345.9
13.577,6.578,-345.4
13.594,10.17,-345.3
13.611,14.37,-345.1
13.627,18.16,-344.9
13.644,20.85,-344.5
13.661,24.57,-344.3
13.677,27.32,-343.5
13.694,30.54,-343.4
13.711,34.32,-342.9
13.727,37.17,-342.8
13.744,38.70,-342.2
13.761,40.57,-342.2
13.778,42.49,-341.9
13.794,43.70,-341.9
13.811,44.40,-341.8
13.828,44.48,-342.0
13.844,44.23,-342.1
13.861,43.48,-342.2
13.878,42.41,-342.2
13.894,40.93,-342.5
13.911,38.91,-342.6
13.928,37.86,-343.0
13.945,35.05,-343.4
13.961,32.49,-344.0
13.978,29.57,-344.0
13.995,25.94,-344.5
14.011,23.49,-345.0
14.028,19.93,-345.2
14.045,16.10,-345.6
14.061,13.77,-345.8
14.078,10.41,-345.9
14.095,7.424,-345.9
14.112,3.833,-346.2
14.128,1.022,-346.2
14.145,-1.424,-346.1
14.162,-3.843,-346.2
14.178,-5.803,-346.1
14.195,-7.467,-346.1
14.212,-8.874,-346.3
14.228,-9.824,-346.2
14.245,-10.39,-346.1
14.262,-10.56,-346.0
14.279,-10.62,-346.1
14.295,-9.847,-346.1
14.312,-8.706,-345.9
14.329,-7.758,-346.2
14.345,-6.246,-346.1
14.362,-4.112,-346.1
14.379,-1.890,-345.9
14.395,0.168,-345.6
14.412,3.315,-345.7
14.429,5.402,-345.6
14.446,8.741,-345.2
14.462,11.53,-345.1
14.479,14.91,-345.2
14.496,18.03,-344.9
14.512,21.12,-344.8
14.529,24.03,-344.4
14.546,27.18,-344.0
14.562,29.84,-343.9
14.579,31.63,-343.4
14.596,33.95,-343.3
14.613,35.96,-343.3
14.629,37.83,-343.0
14.646,38.35,-342.6
14.663,39.40,-342.5
14.679,39.89,-342.5
14.696,40.12,-342.5
14.713,40.01,-342.5
14.729,39.56,-342.3
14.746,38.96,-343.0
14.763,38.05,-343.1
14.780,36.08,-343.3
14.796,34.34,-343.5
14.813,31.99,-343.7
14.830,30.16,-344.0
14.846,27.49,-344.3
14.863,25.30,-344.8
14.880,22.51,-345.0
14.896,19.51,-345.1
14.913,16.41,-345.3
14.930,13.62,-345.5
14.947,10.92,-345.6
14.963,8.505,-345.9
14.980,5.595,-346.1
14.997,3.206,-346.1
15.013,1.210,-346.1
15.030,-0.750,-346.1
15.047,-2.481,-346.1
15.063,-3.821,-346.2
15.080,-4.777,-346.2
15.097,-5.797,-346.2
15.114,-6.299,-346.1
15.130,-6.400,-346.2
15.147,-6.345,-346.0
15.164,-5.978,-346.3
15.180,-4.692,-346.0
15.197,-3.697,-346.0
15.214,-2.275,-345.9
15.230,-0.739,-346.0
15.247,1.341,-346.0
15.264,3.492,-346.0
15.281,5.598,-345.8
15.297,7.967,-345.8
15.314,9.953,-345.6
15.331,12.79,-345.1
15.347,15.23,-345.2
15.364,17.86,-345.0
15.381,20.63,-344.7
15.397,22.98,-344.4
15.414,25.52,-344.1
15.431,27.64,-344.1
15.448,29.73,-343.8
15.464,31.61,-343.7
15.481,33.15,-343.8
15.498,34.07,-343.5
15.514,35.20,-343.4
15.531,35.87,-343.4
15.548,36.29,-343.4
15.564,36.30,-343.3
15.581,36.08,-343.4
15.598,35.56,-343.3
15.615,34.72,-343.5
15.631,33.29,-343.6
15.648,31.96,-343.6
15.665,30.83,-343.7
15.681,28.94,-344.1
15.698,26.95,-344.4
15.715,24.60,-344.4
15.731,22.29,-344.5
15.748,20.09,-345.0
15.765,18.20,-345.1
15.782,15.30,-345.4
15.798,12.93,-345.4
15.815,10.69,-345.3
15.832,8.375,-345.5
15.848,6.169,-345.6
15.865,4.196,-345.7
15.882,2.616,-345.5
15.898,1.071,-345.5
15.915,-9.408E-2,-345.5
15.932,-1.284,-345.5
15.949,-2.288,-345.5
15.965,-3.186,-345.2
15.982,-3.431,-345.2
15.999,-3.507,-345.2
16.015,-3.160,-345.3
16.032,-2.514,-345.2
16.049,-1.775,-345.3
16.065,-0.726,-345.3
16.082,0.480,-345.2
16.099,2.039,-345.3
16.116,4.049,-345.2
16.132,5.645,-345.1
16.149,7.926,-345.1
16.166,10.19,-344.8
16.182,12.22,-344.9
16.199,14.36,-344.9
16.216,16.66,-344.7
16.232,18.73,-344.8
16.249,20.47,-344.6
16.266,22.59,-344.3
16.283,24.31,-344.2
16.299,26.29,-343.9
16.316,28.09,-344.2
16.333,29.52,-343.9
16.349,30.59,-343.7
16.366,31.79,-343.7
16.383,32.18,-343.8
16.399,32.59,-343.8
16.416,32.62,-343.9
16.433,32.64,-343.9
16.450,32.19,-344.0
16.466,31.80,-343.9
16.483,30.87,-344.3
16.500,30.19,-344.3
16.516,28.48,-344.5
16.533,27.01,-344.6
16.550,25.25,-344.5
16.566,23.84,-344.7
16.583,21.89,-345.0
16.600,20.07,-345.1
16.617,18.03,-345.2
16.633,16.31,-345.4
16.650,14.18,-345.6
