,mass A,,
t,x,y,
1.118,-453.4,-268.1
1.134,-446.9,-279.3
1.151,-439.7,-292.4
1.168,-416.8,-309.4
1.185,-402.4,-328.0
1.201,-384.8,-348.8
1.218,-370.9,-371.4
1.235,-346.3,-393.1
1.251,-318.7,-416.3
1.268,-286.6,-438.3
1.285,-249.7,-459.4
1.301,-208.4,-478.9
1.318,-165.5,-495.1
1.335,-122.9,-506.4
1.351,-74.75,-515.1
1.368,-25.65,-519.5
1.385,23.71,-519.2
1.401,74.18,-514.9
1.418,123.2,-506.2
1.435,170.7,-492.9
1.451,215.4,-475.9
1.468,257.6,-456.3
1.485,295.5,-434.1
1.502,330.2,-410.4
1.518,361.4,-385.5
1.535,387.3,-361.1
1.552,411.3,-336.9
1.568,430.3,-314.7
1.585,435.3,-296.7
1.602,449.4,-278.4
1.618,458.9,-263.0
1.635,467.9,-250.3
1.652,472.2,-240.9
1.668,475.4,-235.1
1.685,477.1,-232.3
1.702,476.1,-233.8
1.718,474.4,-238.3
1.735,470.2,-246.1
1.752,458.4,-258.1
1.768,454.7,-272.2
1.785,437.6,-290.1
1.802,419.7,-310.4
1.818,400.8,-332.6
1.835,383.6,-356.0
1.852,359.9,-380.3
1.869,328.1,-405.1
1.885,295.1,-429.0
1.902,258.0,-451.4
1.919,217.0,-471.3
1.935,173.1,-488.6
1.952,124.7,-502.1
1.969,75.32,-511.5
1.985,24.78,-516.5
2.002,-27.12,-516.7
2.019,-78.75,-512.3
2.035,-128.6,-503.6
2.052,-175.3,-490.9
2.069,-219.8,-474.6
2.085,-260.6,-455.5
2.102,-296.7,-434.5
2.119,-329.5,-412.2
2.135,-358.3,-389.4
2.152,-383.0,-367.0
2.169,-404.0,-345.3
2.186,-421.3,-325.5
2.202,-435.4,-307.7
2.219,-446.1,-292.6
2.236,-454.5,-280.3
2.252,-459.4,-271.2
2.269,-464.0,-264.4
2.286,-439.3,-269.4
2.302,-439.7,-269.9
2.319,-437.5,-273.5
2.336,-433.3,-280.5
2.352,-427.2,-290.8
2.369,-418.7,-303.7
2.386,-407.8,-319.8
2.402,-393.9,-337.9
2.419,-377.6,-357.5
2.436,-358.7,-378.7
2.452,-334.8,-400.3
2.469,-308.9,-422.1
2.486,-277.8,-443.2
2.502,-242.9,-462.9
2.519,-205.2,-480.2
2.536,-164.3,-495.3
2.553,-120.3,-507.0
2.569,-74.17,-514.8
2.586,-26.45,-519.1
2.603,22.38,-518.7
2.619,71.17,-514.2
2.636,119.6,-505.5
2.653,165.3,-492.6
2.669,210.8,-476.1
2.686,252.5,-457.0
2.703,291.2,-435.2
2.719,326.3,-411.8
2.736,357.2,-387.8
2.753,385.4,-363.6
2.769,408.6,-340.1
2.786,412.0,-320.3
2.803,444.3,-297.3
2.819,446.9,-281.4
2.836,456.3,-265.8
2.853,464.8,-253.4
2.870,470.0,-243.8
2.886,473.6,-238.1
2.903,475.6,-235.5
2.920,475.3,-236.4
2.936,472.0,-241.1
2.953,467.4,-249.3
2.970,459.6,-260.8
2.986,450.2,-275.1
3.003,436.9,-292.9
3.020,422.1,-312.6
3.036,404.5,-334.4
3.053,379.8,-357.9
3.070,353.8,-382.2
3.086,323.7,-406.2
3.103,291.5,-429.4
3.120,253.3,-451.3
3.136,212.4,-471.3
3.153,167.8,-488.0
3.170,121.7,-501.5
3.187,72.50,-511.1
3.203,21.80,-516.4
3.220,-27.93,-516.6
3.237,-77.31,-512.7
3.253,-125.6,-504.8
3.270,-172.8,-492.5
3.287,-216.0,-476.9
3.303,-255.4,-459.2
3.320,-291.5,-439.1
3.337,-323.0,-418.2
3.353,-351.6,-396.9
3.370,-375.1,-375.7
3.387,-395.9,-355.6
3.403,-412.6,-336.5
3.420,-426.2,-319.4
3.437,-437.5,-304.3
3.453,-445.3,-292.8
3.470,-451.0,-284.1
3.487,-454.6,-278.5
3.503,-456.0,-275.5
3.520,-455.3,-276.3
3.537,-452.8,-280.4
3.554,-448.3,-287.1
3.570,-441.6,-297.4
3.587,-432.0,-310.2
3.604,-420.1,-325.7
3.620,-405.6,-343.2
3.637,-387.9,-362.1
3.654,-366.5,-383.0
3.670,-341.4,-404.4
3.687,-313.2,-425.2
3.704,-280.5,-445.9
3.720,-244.3,-465.2
3.737,-205.6,-482.4
3.754,-164.0,-496.4
3.770,-118.3,-507.8
3.787,-72.49,-515.4
3.804,-24.75,-518.8
3.820,26.22,-517.9
3.837,74.73,-512.9
3.854,121.8,-503.7
3.871,167.2,-491.2
3.887,212.1,-474.4
3.904,253.4,-454.9
3.921,291.9,-433.4
3.937,325.7,-410.3
3.954,355.8,-387.4
3.971,368.0,-365.0
3.987,391.8,-342.2
4.004,411.6,-320.3
4.021,427.7,-300.3
4.037,445.5,-282.0
4.054,455.8,-267.2
4.071,463.5,-255.1
4.087,469.2,-246.4
4.104,471.9,-241.2
4.121,472.7,-239.3
4.137,471.7,-240.9
4.154,468.9,-246.0
4.171,463.3,-254.7
4.188,455.3,-266.9
4.204,445.0,-281.8
4.221,432.3,-299.2
4.238,415.8,-319.1
4.254,395.8,-341.1
4.271,371.8,-364.4
4.288,344.0,-388.4
4.304,315.6,-412.2
4.321,279.5,-435.2
4.338,243.1,-456.1
4.354,201.0,-475.2
4.371,157.2,-491.2
4.388,110.1,-503.8
4.404,61.98,-512.7
4.421,12.30,-516.9
4.438,-37.13,-517.0
4.454,-85.98,-512.6
4.471,-132.7,-504.0
4.488,-170.6,-493.2
4.505,-211.6,-478.5
4.521,-247.4,-461.2
4.538,-280.6,-442.4
4.555,-308.9,-423.0
4.571,-336.8,-402.4
4.588,-357.3,-381.9
4.605,-373.6,-363.3
4.621,-390.5,-345.7
4.638,-403.2,-330.3
4.655,-413.2,-317.0
4.671,-420.6,-306.2
4.688,-425.4,-298.6
4.705,-428.4,-293.4
4.721,-429.2,-291.6
4.738,-428.5,-293.0
4.755,-425.3,-297.2
4.771,-420.4,-304.6
4.788,-412.9,-314.5
4.805,-403.6,-327.3
4.821,-390.6,-342.7
4.838,-376.4,-360.1
4.855,-358.3,-378.7
4.872,-337.2,-398.3
4.888,-313.7,-417.9
4.905,-286.3,-437.8
4.922,-256.4,-456.4
4.938,-220.8,-474.3
4.955,-182.9,-489.1
4.972,-141.5,-502.1
4.988,-98.70,-511.3
5.005,-56.01,-516.5
5.022,-9.030,-518.4
5.038,39.78,-516.0
5.055,87.30,-509.9
5.072,133.4,-499.5
5.088,179.2,-485.6
5.105,222.1,-468.2
5.122,261.8,-448.5
5.138,298.7,-426.6
5.155,331.5,-403.7
5.172,361.7,-380.1
5.189,387.8,-357.0
5.205,397.5,-337.1
5.222,416.8,-316.2
5.239,431.8,-297.2
5.255,444.0,-280.4
5.272,458.2,-266.2
5.289,465.4,-255.3
5.305,471.3,-247.2
5.322,472.9,-243.3
5.339,473.9,-242.4
5.355,471.6,-245.2
5.372,466.9,-252.0
5.389,461.4,-261.3
5.405,452.4,-274.1
5.422,439.8,-290.2
5.439,426.1,-308.2
5.455,409.9,-328.3
5.472,388.8,-350.4
5.489,364.9,-373.4
5.505,335.2,-397.2
5.522,301.6,-420.9
5.539,264.4,-442.9
5.556,225.9,-463.3
5.572,183.8,-481.1
5.589,137.9,-496.0
5.606,92.04,-507.1
5.622,43.76,-514.3
5.639,-5.246,-517.3
5.656,-54.14,-515.5
5.672,-101.1,-509.9
5.689,-147.1,-500.5
5.706,-189.2,-488.2
5.722,-218.7,-474.9
5.739,-253.7,-458.0
5.756,-285.5,-439.1
5.772,-310.8,-419.8
5.789,-335.9,-400.4
5.806,-357.5,-381.2
5.822,-373.9,-363.5
5.839,-387.8,-347.1
5.856,-399.1,-332.8
5.873,-405.5,-320.3
5.889,-411.9,-311.2
5.906,-416.1,-304.4
5.923,-418.7,-300.8
5.939,-418.5,-300.4
5.956,-416.7,-302.5
5.973,-413.3,-308.1
5.989,-407.0,-316.4
6.006,-399.2,-327.2
6.023,-391.0,-341.1
6.039,-377.9,-356.8
6.056,-361.6,-374.0
6.073,-342.4,-392.4
6.089,-319.9,-411.5
6.106,-295.7,-430.8
6.123,-267.1,-449.7
6.139,-235.8,-467.3
6.156,-199.6,-483.2
6.173,-161.6,-496.6
6.190,-120.2,-507.3
6.206,-78.13,-514.3
6.223,-32.38,-518.0
6.240,14.74,-517.7
6.256,59.88,-513.3
6.273,105.9,-505.4
6.290,151.6,-493.5
6.306,195.4,-478.2
6.323,236.0,-460.5
6.340,274.1,-440.2
6.356,300.5,-420.1
6.373,341.0,-395.2
6.390,363.5,-373.4
6.406,386.6,-351.4
6.423,405.4,-329.8
6.440,422.4,-310.1
6.456,436.8,-292.6
6.473,447.1,-277.6
6.490,455.7,-265.4
6.506,461.7,-256.2
6.523,465.9,-250.3
6.540,467.3,-247.5
6.557,466.5,-248.7
6.573,463.4,-253.1
6.590,458.0,-261.3
6.607,450.2,-272.0
6.623,440.4,-286.1
6.640,427.3,-302.9
6.657,405.5,-322.2
6.673,386.1,-343.3
6.690,362.7,-365.9
6.707,344.3,-388.2
6.723,315.0,-411.4
6.740,278.1,-433.9
6.757,244.1,-454.3
6.773,203.0,-473.3
6.790,159.5,-489.3
6.807,113.8,-502.5
6.823,66.56,-511.5
6.840,17.92,-516.1
6.857,-28.15,-517.4
6.874,-73.97,-514.0
6.890,-118.6,-507.3
6.907,-159.7,-497.1
6.924,-196.8,-484.1
6.940,-232.9,-468.3
6.957,-264.2,-451.1
6.974,-292.8,-432.9
6.990,-318.1,-414.1
7.007,-341.0,-395.4
7.024,-360.1,-377.5
7.040,-375.6,-361.1
7.057,-388.3,-346.1
7.074,-397.5,-333.0
7.090,-404.7,-323.2
7.107,-410.3,-315.3
7.124,-414.8,-310.7
7.140,-415.5,-308.9
7.157,-414.6,-309.9
7.174,-411.1,-313.8
7.191,-406.3,-320.7
7.207,-399.7,-330.0
7.224,-389.5,-342.2
7.241,-377.5,-356.4
7.257,-362.2,-372.3
7.274,-344.5,-389.8
7.291,-324.5,-407.9
7.307,-301.1,-427.1
7.324,-274.5,-445.3
7.341,-244.6,-462.3
7.357,-210.9,-478.6
7.374,-174.2,-492.7
7.391,-134.8,-504.2
7.407,-94.47,-512.3
7.424,-50.01,-517.2
7.441,-3.775,-518.5
7.457,41.10,-515.9
7.474,86.23,-509.3
7.491,130.7,-499.2
7.508,171.0,-485.8
7.524,211.3,-469.4
7.541,250.5,-450.4
7.558,284.2,-430.0
7.574,316.6,-408.2
7.591,346.3,-385.5
7.608,371.8,-363.3
7.624,392.8,-341.6
7.641,410.7,-321.6
7.658,425.5,-303.1
7.674,438.7,-287.2
7.691,448.0,-274.1
7.708,454.6,-263.9
7.724,459.4,-257.0
7.741,461.8,-253.2
7.758,461.8,-253.0
7.774,459.7,-256.0
7.791,455.2,-262.8
7.808,449.0,-272.6
7.824,439.7,-285.6
7.841,426.4,-300.8
7.858,406.5,-319.1
7.875,388.2,-339.4
7.891,365.8,-360.9
7.908,346.3,-383.2
7.925,316.7,-406.1
7.941,286.2,-428.0
7.958,250.8,-449.1
7.975,212.2,-468.1
7.991,170.1,-485.0
8.008,125.5,-498.8
8.025,79.36,-508.9
8.041,33.77,-515.1
8.058,-10.54,-517.7
8.075,-60.07,-516.1
8.091,-100.6,-511.0
8.108,-142.9,-502.3
8.125,-188.3,-489.0
8.141,-226.5,-474.2
8.158,-250.2,-460.0
8.175,-281.2,-442.3
8.192,-306.8,-424.2
8.208,-329.6,-406.3
8.225,-350.4,-388.4
8.242,-366.8,-372.1
8.258,-380.6,-357.2
8.275,-391.7,-344.0
8.292,-400.1,-333.5
8.308,-405.7,-324.9
8.325,-409.1,-319.4
8.342,-411.1,-316.7
8.358,-411.2,-316.9
8.375,-409.1,-319.8
8.392,-403.8,-326.0
8.408,-397.1,-334.2
8.425,-388.3,-345.0
8.442,-377.6,-358.1
8.458,-362.5,-373.2
8.475,-344.8,-389.9
8.492,-325.4,-407.0
8.508,-302.7,-425.1
8.525,-278.6,-442.2
8.542,-249.6,-460.3
8.559,-217.2,-476.2
8.575,-181.8,-490.5
8.592,-143.5,-502.1
8.609,-103.0,-511.1
8.625,-61.35,-516.3
8.642,-18.36,-518.3
8.659,26.64,-516.4
8.675,71.78,-511.1
8.692,116.4,-502.0
8.709,159.4,-489.8
8.725,201.6,-474.3
8.742,240.0,-456.4
8.759,275.4,-436.2
8.775,307.9,-415.2
8.792,337.2,-393.3
8.809,364.2,-371.3
8.825,385.7,-350.1
8.842,403.6,-330.4
8.859,418.7,-311.9
8.876,431.9,-295.8
8.892,442.3,-282.0
8.909,451.5,-271.5
8.926,456.3,-263.7
8.942,460.0,-259.5
8.959,460.6,-258.4
8.976,459.3,-260.5
8.992,455.1,-266.4
9.009,448.3,-275.1
9.026,439.3,-287.1
9.042,427.5,-301.9
9.059,414.0,-319.3
9.076,396.8,-338.4
9.092,375.4,-359.3
9.109,351.1,-381.1
9.126,321.6,-404.1
9.142,291.5,-425.3
9.159,257.1,-446.3
9.176,219.5,-465.3
9.193,178.6,-482.2
9.209,135.3,-496.3
9.226,90.16,-507.1
9.243,44.64,-514.1
9.259,-3.180,-517.3
9.276,-46.51,-516.8
9.293,-93.33,-512.2
9.309,-138.1,-503.9
9.326,-170.9,-494.3
9.343,-206.9,-481.2
9.359,-240.7,-465.4
9.376,-270.9,-448.2
9.393,-296.7,-431.1
9.409,-320.6,-413.4
9.426,-340.7,-396.5
9.443,-357.3,-380.1
9.459,-372.6,-365.4
9.476,-383.7,-352.3
9.493,-392.3,-341.3
9.509,-399.1,-332.7
9.526,-403.3,-327.0
9.543,-405.6,-323.9
9.560,-405.8,-323.5
9.576,-404.1,-325.7
9.593,-400.1,-330.9
9.610,-394.0,-338.8
9.626,-384.6,-349.2
9.643,-373.7,-361.4
9.660,-360.1,-375.4
9.676,-343.6,-391.3
9.693,-324.2,-408.1
9.710,-302.2,-425.4
9.726,-280.0,-442.4
9.743,-250.4,-459.8
9.760,-219.5,-475.1
9.776,-184.9,-489.3
9.793,-147.1,-501.0
9.810,-106.8,-509.9
9.826,-64.63,-515.9
9.843,-22.18,-518.1
9.860,20.41,-516.5
9.877,66.84,-511.7
9.893,110.2,-503.3
9.910,153.5,-491.5
9.927,190.3,-477.1
9.943,228.2,-459.9
9.960,262.8,-441.1
9.977,294.4,-420.8
9.993,325.2,-399.1
10.010,353.9,-377.5
10.027,369.8,-356.9
10.043,394.9,-336.9
10.060,411.8,-318.5
10.077,425.1,-302.4
10.093,435.5,-288.9
10.110,443.9,-278.0
10.127,449.5,-270.3
10.143,452.4,-265.7
10.160,453.9,-264.5
10.177,452.4,-266.4
10.194,448.8,-271.5
10.210,442.5,-280.1
10.227,433.5,-291.4
10.244,422.4,-305.6
10.260,403.1,-322.1
10.277,385.2,-341.4
10.294,364.2,-361.5
10.310,348.5,-382.3
10.327,320.3,-404.4
10.344,287.9,-426.0
10.360,255.0,-446.4
10.377,217.6,-465.2
10.394,177.0,-482.0
10.410,135.0,-496.2
10.427,93.00,-506.4
10.444,46.97,-513.9
10.460,0.857,-517.3
10.477,-42.05,-517.1
10.494,-85.37,-513.3
10.511,-126.8,-505.9
10.527,-164.6,-495.9
10.544,-200.9,-483.0
10.561,-234.7,-468.1
10.577,-265.1,-452.2
10.594,-292.2,-435.4
10.611,-313.7,-418.1
10.627,-331.9,-401.3
10.644,-349.0,-385.3
10.661,-363.7,-370.8
10.677,-375.6,-358.0
10.694,-384.7,-347.3
10.711,-392.3,-338.9
10.727,-396.8,-333.2
10.744,-399.3,-330.0
10.761,-399.4,-329.5
10.777,-398.0,-331.6
10.794,-394.2,-336.7
10.811,-387.4,-344.2
10.827,-379.2,-353.9
10.844,-368.6,-365.8
10.861,-355.2,-379.9
10.878,-337.5,-395.5
10.894,-318.9,-412.1
10.911,-297.7,-428.7
10.928,-274.0,-445.4
10.944,-247.5,-461.4
10.961,-215.3,-476.8
10.978,-181.9,-490.4
10.994,-145.2,-501.4
11.011,-105.9,-510.2
11.028,-63.68,-515.9
11.044,-21.16,-518.1
11.061,21.03,-516.5
11.078,65.44,-511.8
11.094,110.2,-504.0
11.111,152.3,-492.0
11.128,193.3,-477.4
11.144,233.3,-460.4
11.161,269.3,-441.0
11.178,294.8,-422.5
11.195,324.4,-401.4
11.211,351.0,-380.3
11.228,372.0,-360.1
11.245,391.2,-340.7
11.261,408.9,-322.6
11.278,421.5,-307.1
11.295,432.0,-293.9
11.311,441.0,-283.3
11.328,446.1,-276.0
11.345,449.8,-271.5
11.361,450.6,-270.4
11.378,449.1,-272.4
11.395,444.6,-278.0
11.411,438.6,-285.9
11.428,429.4,-297.2
11.445,418.0,-311.4
11.461,402.8,-328.0
11.478,386.5,-346.2
11.495,366.0,-366.5
11.511,341.5,-387.0
11.528,315.1,-408.1
11.545,283.4,-429.3
11.562,249.0,-449.4
11.578,212.3,-467.4
11.595,172.8,-483.4
11.612,129.9,-497.1
11.628,86.94,-507.4
11.645,43.57,-514.1
11.662,-2.557,-517.4
11.678,-43.44,-517.0
11.695,-85.30,-513.0
11.712,-126.4,-506.0
11.728,-164.2,-496.0
11.745,-200.7,-483.5
11.762,-231.9,-469.1
11.778,-261.5,-453.2
11.795,-289.4,-436.5
11.812,-310.8,-420.0
11.828,-329.4,-403.8
11.845,-346.9,-388.4
11.862,-361.3,-374.0
11.879,-372.6,-362.0
11.895,-381.5,-351.8
11.912,-388.2,-343.6
11.929,-392.8,-337.8
11.945,-395.0,-335.1
11.962,-395.5,-334.8
11.979,-393.5,-337.4
11.995,-389.1,-342.6
12.012,-382.9,-349.9
12.029,-374.3,-359.8
12.045,-363.7,-371.6
12.062,-350.5,-385.5
12.079,-331.9,-400.4
12.095,-312.8,-416.4
12.112,-290.9,-432.9
12.129,-266.2,-449.0
12.145,-239.1,-464.8
12.162,-207.7,-479.8
12.179,-175.4,-492.3
12.196,-138.4,-503.1
12.212,-98.65,-511.1
12.229,-58.30,-516.2
12.246,-15.98,-518.0
12.262,26.41,-516.2
12.279,70.43,-511.0
12.296,111.6,-502.5
12.312,150.6,-490.9
12.329,195.5,-476.2
12.346,227.2,-460.1
12.362,260.4,-441.9
12.379,292.9,-422.2
12.396,323.4,-401.4
12.412,348.3,-381.3
12.429,368.1,-361.7
12.446,388.7,-342.6
12.462,404.4,-325.6
12.479,417.8,-310.4
12.496,427.4,-297.9
12.512,435.9,-288.2
12.529,441.2,-281.2
12.546,444.2,-277.4
12.563,444.7,-276.9
12.579,442.8,-279.4
12.596,438.3,-285.1
12.613,431.7,-293.9
12.629,422.2,-305.5
12.646,410.3,-319.3
12.663,395.1,-335.8
12.679,377.4,-354.2
12.696,355.4,-373.9
12.713,333.4,-394.3
12.729,304.0,-415.3
12.746,274.5,-435.4
12.763,240.6,-454.2
12.779,202.1,-472.0
12.796,163.6,-487.3
12.813,121.5,-500.0
12.829,79.61,-509.4
12.846,33.56,-515.2
12.863,-7.971,-517.8
12.880,-50.23,-516.8
12.896,-93.74,-512.4
12.913,-131.9,-505.0
12.930,-168.7,-494.9
12.946,-203.8,-482.3
12.963,-234.4,-468.3
12.980,-262.6,-452.8
12.996,-288.3,-436.2
13.013,-311.2,-420.1
13.030,-330.6,-404.2
13.046,-346.5,-389.4
13.063,-359.3,-375.9
13.080,-369.9,-364.5
13.096,-377.8,-354.7
13.113,-384.3,-347.3
13.130,-387.7,-342.4
13.146,-389.4,-340.1
13.163,-389.2,-340.2
13.180,-387.3,-343.1
13.197,-382.9,-348.5
13.213,-376.2,-356.1
13.230,-367.4,-366.2
13.247,-355.6,-378.3
13.263,-340.3,-392.1
13.280,-323.4,-406.8
13.297,-306.1,-423.2
13.313,-283.0,-438.9
13.330,-257.4,-455.0
13.347,-229.7,-470.1
13.363,-198.1,-484.1
13.380,-164.0,-495.9
13.397,-127.9,-505.5
13.413,-89.85,-512.5
13.430,-46.66,-516.8
13.447,-8.867,-517.6
13.463,33.97,-515.1
13.480,76.74,-509.3
13.497,118.7,-500.1
13.514,162.6,-488.4
13.530,197.1,-474.2
13.547,232.5,-457.8
13.564,266.6,-439.3
13.580,296.1,-420.1
13.597,324.4,-399.7
13.614,349.3,-380.1
13.630,370.6,-360.9
13.647,389.2,-343.1
13.664,404.5,-327.1
13.680,417.3,-313.0
13.697,427.5,-301.5
13.714,434.8,-292.4
13.730,439.2,-286.3
13.747,441.8,-283.6
13.764,440.9,-283.9
13.780,438.3,-287.0
13.797,434.2,-293.5
13.814,426.1,-302.7
13.830,415.7,-315.1
13.847,403.7,-329.5
13.864,387.1,-345.9
13.881,368.7,-364.3
13.897,348.5,-383.3
13.914,324.0,-403.4
13.931,295.3,-423.4
13.947,263.3,-443.0
13.964,228.1,-461.2
13.981,189.3,-477.9
13.997,151.2,-492.0
14.014,109.9,-503.7
14.031,67.06,-512.2
14.047,22.72,-516.8
14.064,-20.36,-518.4
14.081,-62.91,-516.2
14.097,-103.6,-511.1
14.114,-140.9,-503.1
14.131,-176.9,-492.2
14.147,-210.8,-479.4
14.164,-239.8,-464.9
14.181,-268.4,-449.5
14.198,-291.9,-433.9
14.214,-313.4,-418.3
14.231,-331.6,-403.0
14.248,-346.9,-388.8
14.264,-359.4,-376.0
14.281,-368.7,-365.2
14.298,-376.0,-356.6
14.314,-382.4,-349.9
14.331,-386.0,-346.0
14.348,-386.9,-344.3
14.364,-385.4,-345.5
14.381,-382.3,-349.0
14.398,-377.6,-355.1
14.414,-369.3,-363.5
14.431,-360.0,-374.1
14.448,-346.9,-386.4
14.464,-332.1,-400.0
14.481,-313.6,-414.5
14.498,-294.2,-430.3
14.514,-272.6,-446.0
14.531,-246.7,-461.3
14.548,-216.3,-475.8
14.565,-183.6,-488.9
14.581,-149.6,-500.1
14.598,-113.4,-508.4
14.615,-74.00,-514.0
14.631,-34.83,-517.1
14.648,9.150,-517.1
14.665,49.70,-513.4
14.681,92.37,-506.5
14.698,131.1,-497.0
14.715,173.0,-484.4
14.731,209.0,-469.4
14.748,240.0,-452.9
14.765,272.2,-434.8
14.781,304.8,-415.5
14.798,329.3,-396.1
14.815,352.4,-376.9
14.831,371.8,-358.8
14.848,389.3,-342.0
14.865,404.2,-327.1
14.882,415.7,-314.2
14.898,424.2,-303.7
14.915,430.8,-296.3
14.932,434.4,-291.8
14.948,435.9,-290.4
14.965,434.9,-291.6
14.982,431.2,-295.9
14.998,425.6,-303.4
15.015,417.0,-313.4
15.032,400.6,-325.9
15.048,386.7,-341.0
15.065,369.7,-357.7
15.082,349.3,-376.4
15.098,330.0,-395.9
15.115,305.8,-415.4
15.132,276.8,-434.4
15.148,242.5,-453.2
15.165,208.2,-470.2
15.182,171.7,-485.1
15.199,130.6,-497.7
15.215,89.40,-507.9
15.232,47.63,-514.7
15.249,5.600,-517.8
15.265,-36.30,-517.9
15.282,-80.80,-514.5
15.299,-116.9,-508.5
15.315,-154.5,-499.4
15.332,-188.5,-487.9
15.349,-222.2,-474.4
15.365,-248.8,-460.2
15.382,-274.7,-445.0
15.399,-299.2,-429.4
15.415,-319.4,-414.3
15.432,-336.3,-399.9
15.449,-351.9,-386.4
15.465,-362.6,-374.9
15.482,-372.2,-365.1
15.499,-379.0,-357.7
15.515,-385.0,-352.3
15.532,-387.6,-349.5
15.549,-387.6,-349.0
15.566,-385.8,-351.3
15.582,-381.4,-355.7
15.599,-374.1,-362.8
15.616,-365.6,-372.3
15.632,-354.2,-382.9
15.649,-341.4,-395.5
15.666,-324.6,-409.4
15.682,-305.1,-424.2
15.699,-283.5,-439.3
15.716,-257.9,-454.7
15.732,-230.6,-469.1
15.749,-199.4,-482.9
15.766,-168.1,-494.4
15.782,-130.5,-504.8
15.799,-96.49,-511.3
15.816,-56.48,-516.1
15.832,-17.04,-517.3
15.849,28.63,-516.1
15.866,65.94,-511.1
15.883,106.8,-503.3
15.899,146.2,-492.5
15.916,184.0,-479.4
15.933,219.1,-463.9
15.949,252.8,-447.0
15.966,282.9,-429.0
15.983,311.4,-409.9
15.999,335.8,-391.1
16.016,357.8,-372.9
16.033,376.5,-355.8
16.049,392.2,-340.1
16.066,405.3,-326.4
16.083,416.4,-315.2
16.099,423.3,-306.7
16.116,429.2,-300.4
16.133,431.6,-297.1
16.149,431.6,-297.1
16.166,429.4,-300.1
16.183,425.0,-305.8
16.200,417.3,-314.4
16.216,407.7,-325.6
16.233,395.3,-338.9
16.250,378.8,-354.8
16.266,361.0,-372.1
16.283,339.6,-390.0
16.300,314.8,-409.1
16.316,288.7,-428.0
16.333,258.7,-446.4
16.350,224.1,-463.8
16.366,187.3,-479.8
16.383,150.7,-493.3
16.400,109.7,-504.1
16.416,68.83,-512.3
16.433,26.57,-517.2
16.450,-15.05,-518.4
16.466,-55.34,-516.9
16.483,-97.17,-512.1
16.500,-134.2,-504.5
16.517,-169.8,-494.3
16.533,-202.9,-482.0
16.550,-233.6,-468.5
16.567,-260.4,-454.0
16.583,-285.2,-439.0
16.600,-307.0,-423.9
16.617,-323.4,-409.4
16.633,-339.1,-395.7
16.650,-351.5,-383.2
16.667,-362.8,-372.7
16.683,-370.3,-364.2
16.700,-375.9,-358.1
16.717,-379.4,-354.1
16.733,-380.8,-352.6
16.750,-379.8,-353.4
16.767,-376.7,-356.7
16.783,-371.4,-362.5
16.800,-364.0,-370.4
16.817,-354.3,-380.2
16.833,-341.1,-391.7
16.850,-325.5,-405.3
16.867,-308.1,-419.2
16.884,-288.8,-434.5
16.900,-267.4,-449.3
16.917,-240.6,-464.1
16.934,-211.6,-477.5
16.950,-179.5,-490.1
16.967,-144.9,-500.5
16.984,-108.1,-508.7
17.000,-70.22,-514.4
17.017,-30.86,-517.0
17.034,11.23,-516.8
17.050,53.35,-513.9
17.067,88.20,-507.2
17.084,128.1,-498.1
17.100,166.7,-486.5
17.117,202.0,-472.1
17.134,235.1,-456.0
17.150,265.3,-438.8
17.167,296.2,-421.1
17.184,324.5,-402.4
17.201,344.7,-384.3
17.217,365.8,-367.4
17.234,382.5,-351.4
17.251,396.2,-337.5
17.267,407.1,-325.4
17.284,415.8,-315.8
17.301,421.6,-308.6
17.317,424.8,-304.7
17.334,426.2,-303.5
17.351,424.9,-305.0
17.367,421.5,-309.4
17.384,415.6,-316.6
17.401,406.9,-326.4
17.417,394.9,-338.8
17.434,381.2,-353.0
17.451,364.3,-369.1
17.467,344.0,-387.0
17.484,320.6,-405.1
17.501,293.0,-424.1
17.517,268.6,-441.4
17.534,234.5,-459.2
17.551,199.5,-475.3
17.568,161.7,-489.1
17.584,122.6,-501.0
17.601,80.49,-509.7
17.618,42.09,-515.6
17.634,1.063,-518.1
17.651,-39.59,-517.7
17.668,-79.41,-514.0
17.684,-118.0,-508.0
17.701,-153.6,-499.1
17.718,-188.0,-487.7
17.734,-219.0,-475.0
17.751,-247.2,-461.1
17.768,-273.3,-446.2
17.784,-298.4,-431.3
17.801,-314.8,-416.7
17.818,-330.4,-403.0
17.834,-344.5,-390.1
17.851,-355.4,-379.5
17.868,-364.4,-370.3
17.885,-371.2,-363.2
17.901,-375.6,-358.3
17.918,-377.4,-356.0
17.935,-377.4,-356.0
17.951,-375.2,-358.5
17.968,-371.0,-363.2
17.985,-364.3,-370.3
18.001,-354.4,-379.3
18.018,-343.0,-390.3
18.035,-328.5,-402.6
18.051,-311.4,-416.2
18.068,-292.4,-430.6
18.085,-270.6,-445.4
18.101,-245.8,-460.1
18.118,-220.6,-473.5
18.135,-188.8,-486.0
18.151,-155.6,-497.3
18.168,-119.4,-506.2
18.185,-81.77,-512.4
18.202,-42.49,-516.0
18.218,-1.890,-517.0
18.235,37.69,-514.4
18.252,78.16,-509.3
18.268,117.7,-501.4
18.285,152.6,-490.9
18.302,187.0,-478.0
18.318,221.5,-463.1
18.335,254.0,-446.7
18.352,283.8,-429.5
18.368,309.9,-411.9
18.385,333.7,-394.2
18.402,354.8,-377.3
18.418,372.4,-361.5
18.435,386.1,-347.2
18.452,398.0,-335.0
18.468,407.3,-325.0
18.485,414.4,-317.4
18.502,419.4,-312.3
18.518,421.2,-310.1
18.535,420.6,-311.0
18.552,417.6,-314.5
18.569,412.6,-320.6
18.585,404.6,-329.4
18.602,394.2,-340.8
18.619,380.6,-354.1
18.635,364.6,-369.5
18.652,344.7,-386.1
18.669,322.9,-403.5
18.685,299.5,-421.4
18.702,270.2,-439.0
18.719,237.8,-456.3
18.735,205.9,-472.3
18.752,170.8,-486.2
18.769,133.7,-498.3
18.785,95.28,-507.6
18.802,55.14,-514.0
18.819,13.10,-517.4
18.835,-26.06,-518.1
18.852,-66.86,-515.4
18.869,-108.1,-509.3
18.886,-141.5,-501.8
18.902,-176.2,-491.2
18.919,-207.9,-479.2
18.936,-236.4,-465.8
18.952,-263.3,-451.5
18.969,-286.7,-437.1
18.986,-307.7,-422.5
19.002,-326.1,-408.5
19.019,-339.9,-396.1
19.036,-354.2,-384.8
19.052,-364.5,-375.4
19.069,-371.1,-368.2
19.086,-376.3,-362.7
19.102,-379.2,-359.9
19.119,-379.8,-359.3
19.136,-377.9,-360.9
19.152,-374.5,-365.2
19.169,-368.3,-371.4
19.186,-359.6,-379.9
19.203,-348.5,-390.4
19.219,-334.2,-402.1
19.236,-317.3,-415.1
19.253,-297.5,-429.1
19.269,-276.2,-443.3
19.286,-251.0,-457.4
19.303,-223.5,-471.4
19.319,-193.9,-483.8
19.336,-161.8,-494.9
19.353,-127.5,-504.4
19.369,-90.32,-511.3
19.386,-52.73,-515.5
19.403,-11.56,-517.1
19.419,29.08,-515.8
19.436,68.38,-511.5
19.453,108.7,-504.1
19.469,147.6,-494.3
19.486,184.3,-481.9
19.503,217.7,-468.2
19.520,246.5,-452.9
19.536,277.3,-436.3
19.553,303.9,-419.3
19.570,326.9,-402.2
19.586,350.4,-385.3
19.603,369.0,-369.4
19.620,383.5,-355.2
19.636,394.4,-343.0
19.653,403.9,-333.0
19.670,411.0,-325.0
19.686,418.0,-319.5
19.703,419.3,-316.8
19.720,419.4,-316.9
19.736,416.7,-320.0
19.753,412.4,-325.5
19.770,403.5,-333.9
19.786,394.1,-344.2
19.803,381.4,-356.7
19.820,370.8,-370.3
19.836,349.8,-387.0
19.853,330.9,-403.4
19.870,305.1,-420.8
19.887,278.1,-438.3
19.903,248.0,-455.3
19.920,216.4,-470.5
19.937,179.7,-485.0
19.953,142.2,-497.0
19.970,103.5,-506.9
19.987,60.73,-513.7
20.003,22.35,-517.7
20.020,-18.64,-518.7
20.037,-61.84,-516.4
20.053,-96.93,-511.8
20.070,-133.8,-504.2
20.087,-168.5,-494.3
20.103,-200.6,-482.9
20.120,-229.0,-470.0
20.137,-258.2,-455.4
20.153,-281.9,-441.3
20.170,-302.3,-427.2
20.187,-317.6,-413.4
20.204,-333.1,-401.1
20.220,-345.9,-389.5
20.237,-355.7,-379.8
20.254,-362.9,-372.4
20.270,-368.4,-366.4
20.287,-371.8,-363.2
