,masa A,,
t,x,y,
10.899,455.6,-296.5
10.915,445.8,-313.6
10.932,432.4,-333.6
10.948,414.9,-356.3
10.965,395.0,-379.8
10.982,370.6,-404.8
10.998,342.4,-430.3
11.015,308.9,-455.4
11.032,273.1,-478.7
11.048,232.2,-499.5
11.065,190.5,-517.6
11.082,142.7,-532.4
11.098,97.08,-542.4
11.115,40.15,-548.4
11.132,-3.096,-549.5
11.148,-54.68,-545.9
11.165,-116.2,-535.4
11.182,-161.6,-522.4
11.198,-203.3,-506.5
11.215,-244.7,-486.4
11.232,-284.9,-463.4
11.248,-320.3,-439.6
11.265,-350.3,-415.3
11.282,-377.2,-390.7
11.298,-398.5,-367.6
11.315,-416.8,-345.5
11.332,-432.0,-325.4
11.348,-444.0,-308.5
11.365,-453.9,-294.3
11.382,-459.8,-283.4
11.398,-463.9,-275.7
11.415,-466.0,-271.7
11.432,-465.6,-271.3
11.448,-464.1,-274.4
11.465,-460.7,-281.3
11.482,-454.2,-291.5
11.498,-445.6,-305.5
11.515,-434.1,-321.3
11.532,-419.4,-341.1
11.548,-401.9,-362.3
11.565,-381.0,-385.2
11.582,-354.4,-409.4
11.598,-325.1,-433.4
11.615,-293.3,-456.8
11.632,-254.8,-479.5
11.648,-214.8,-499.5
11.665,-170.2,-517.4
11.682,-124.2,-531.3
11.698,-83.83,-540.3
11.715,-31.55,-546.5
11.732,32.23,-547.8
11.748,78.36,-544.3
11.765,125.3,-536.3
11.782,164.1,-525.7
11.798,207.9,-510.2
11.815,249.8,-491.7
11.832,287.7,-470.9
11.848,321.0,-448.1
11.865,351.2,-424.7
11.882,377.5,-400.7
11.898,399.9,-378.0
11.915,419.1,-355.8
11.932,434.4,-335.8
11.948,445.8,-318.8
11.965,451.1,-304.3
11.982,459.9,-292.8
11.998,464.1,-283.4
12.015,466.2,-278.1
12.032,467.1,-276.4
12.048,466.1,-278.1
12.065,463.1,-283.2
12.082,458.5,-291.7
12.098,451.0,-303.8
12.115,442.9,-317.8
12.132,430.7,-335.5
12.148,415.7,-355.1
12.165,398.1,-376.8
12.182,375.9,-400.5
12.198,350.9,-423.6
12.215,321.0,-447.5
12.232,287.4,-470.4
12.248,250.4,-491.4
12.265,209.4,-510.1
12.282,168.1,-525.3
12.298,123.8,-537.2
12.315,78.10,-545.6
12.332,28.55,-549.6
12.348,-32.31,-547.7
12.365,-74.46,-542.6
12.382,-124.9,-532.3
12.398,-171.1,-518.4
12.415,-217.0,-499.5
12.432,-254.8,-480.3
12.448,-290.9,-458.2
12.465,-322.7,-435.0
12.482,-350.2,-411.5
12.498,-377.2,-388.2
12.515,-397.7,-366.1
12.532,-415.0,-346.1
12.548,-428.3,-328.0
12.565,-439.8,-312.8
12.582,-448.5,-300.3
12.598,-453.8,-291.2
12.615,-457.3,-285.3
12.632,-458.6,-283.1
12.648,-457.5,-284.5
12.665,-454.2,-289.7
12.682,-449.5,-298.0
12.698,-443.9,-309.5
12.715,-433.1,-324.3
12.732,-419.3,-341.6
12.748,-401.4,-361.3
12.765,-382.7,-382.6
12.782,-358.4,-405.4
12.798,-332.3,-427.7
12.815,-300.6,-450.7
12.832,-262.8,-473.6
12.848,-225.3,-493.6
12.865,-186.5,-510.7
12.882,-139.7,-526.3
12.898,-94.99,-537.4
12.915,-40.09,-545.4
12.932,2.130,-548.3
12.948,51.67,-547.3
12.965,100.9,-541.6
12.982,148.1,-531.6
12.998,184.6,-519.5
13.015,226.6,-503.4
13.032,265.3,-484.7
13.048,298.6,-464.3
13.065,329.5,-442.7
13.082,356.7,-420.5
13.098,380.2,-398.4
13.115,400.4,-377.3
13.132,415.7,-358.3
13.148,429.7,-340.5
13.165,440.5,-325.6
13.182,447.6,-313.5
13.198,453.8,-303.7
13.215,459.2,-307.3
13.232,460.7,-304.3
13.248,460.0,-304.9
13.265,458.6,-308.4
13.282,455.7,-315.4
13.298,449.5,-325.5
13.315,441.9,-338.3
13.332,430.2,-354.4
13.348,417.0,-372.5
13.365,400.1,-392.4
13.381,380.2,-413.6
13.398,354.2,-436.4
13.415,326.1,-458.5
13.431,293.5,-480.6
13.448,256.3,-501.1
13.465,217.7,-519.2
13.481,174.7,-535.1
13.498,130.2,-547.2
13.515,83.21,-555.4
13.531,32.01,-559.3
13.548,-18.00,-558.7
13.565,-67.51,-553.3
13.581,-115.2,-544.7
13.598,-162.4,-531.1
13.615,-205.2,-515.2
13.631,-248.4,-495.1
13.648,-285.8,-474.0
13.665,-320.8,-451.4
13.681,-335.2,-433.7
13.698,-360.1,-411.7
13.715,-381.5,-389.7
13.731,-399.7,-369.4
13.748,-415.7,-351.1
13.765,-426.0,-335.4
13.781,-433.8,-322.5
13.798,-440.0,-313.1
13.815,-442.9,-306.9
13.831,-445.0,-304.1
13.848,-444.4,-304.8
13.865,-441.9,-308.8
13.881,-437.3,-316.5
13.898,-430.5,-327.2
13.915,-420.5,-341.2
13.931,-407.8,-357.5
13.948,-391.8,-376.8
13.965,-372.8,-397.2
13.981,-350.3,-419.0
13.998,-324.6,-441.3
14.015,-296.5,-463.3
14.031,-262.7,-484.4
14.048,-227.4,-503.5
14.065,-185.8,-521.5
14.081,-142.3,-536.1
14.098,-98.71,-547.1
14.115,-51.80,-555.0
14.131,-4.074,-558.7
14.148,43.51,-558.3
14.165,90.60,-553.8
14.181,137.0,-545.4
14.198,180.0,-533.2
14.215,220.5,-518.5
14.231,255.9,-501.3
14.248,289.1,-482.4
14.265,319.6,-462.4
14.281,347.2,-441.4
14.298,370.6,-420.6
14.315,389.9,-400.4
14.331,405.3,-382.4
14.348,419.6,-365.4
14.365,431.0,-350.5
14.381,435.7,-339.3
14.398,444.8,-329.5
14.415,447.8,-323.2
14.431,449.1,-320.2
14.448,449.4,-320.5
14.465,446.7,-324.1
14.481,443.8,-330.5
14.498,438.5,-339.7
14.515,429.2,-352.4
14.531,418.3,-367.4
14.548,404.8,-384.5
14.565,388.4,-403.5
14.581,368.3,-423.5
14.598,344.2,-444.2
14.615,317.0,-465.3
14.631,283.3,-486.2
14.648,249.4,-505.3
14.665,210.9,-522.1
14.681,171.0,-536.5
14.698,126.8,-548.2
14.715,80.43,-555.7
14.731,32.48,-559.5
14.748,-17.36,-559.3
14.765,-64.57,-554.5
14.781,-113.7,-545.6
14.798,-151.4,-533.9
14.815,-194.5,-518.4
14.831,-233.6,-500.1
14.848,-270.0,-480.5
14.865,-302.8,-459.1
14.881,-332.4,-437.5
14.898,-353.4,-416.0
14.915,-375.7,-395.4
14.931,-394.3,-375.9
14.948,-409.1,-358.9
14.965,-419.8,-344.1
14.981,-428.8,-332.4
14.998,-434.0,-323.4
15.015,-436.6,-317.5
15.031,-438.8,-315.2
15.048,-438.1,-316.2
15.065,-434.4,-320.7
15.081,-429.3,-328.6
15.098,-422.8,-339.2
15.115,-413.0,-353.1
15.131,-399.0,-369.1
15.148,-381.7,-387.5
15.165,-361.9,-407.1
15.181,-342.1,-428.1
15.198,-314.6,-449.4
15.215,-284.9,-470.8
15.231,-249.6,-490.9
15.248,-212.8,-509.2
15.265,-173.1,-525.6
15.281,-130.8,-539.5
15.298,-88.26,-549.3
15.315,-41.21,-555.9
15.331,4.764,-559.3
15.348,51.75,-557.9
15.365,96.96,-553.4
15.381,139.3,-545.0
15.398,182.0,-533.2
15.415,219.1,-519.4
15.431,254.9,-502.2
15.448,290.5,-483.5
15.465,318.7,-464.5
15.481,344.6,-444.5
15.498,365.7,-425.3
15.515,383.1,-407.3
15.531,397.9,-390.0
15.548,411.5,-374.4
15.565,420.9,-361.0
15.581,429.6,-350.2
15.598,434.7,-342.2
15.615,438.4,-336.7
15.631,439.6,-334.7
15.648,438.8,-335.4
15.665,437.0,-339.7
15.681,432.3,-346.6
15.698,426.0,-356.3
15.715,417.8,-368.5
15.731,403.0,-384.1
15.748,390.4,-400.5
15.765,373.0,-418.4
15.781,352.8,-437.4
15.798,327.9,-457.3
15.814,299.0,-477.3
15.831,267.4,-496.3
15.848,232.8,-513.4
15.864,193.8,-529.1
15.881,152.8,-542.2
15.898,109.9,-551.6
15.914,64.21,-558.2
15.931,15.54,-560.0
15.948,-30.87,-557.9
15.964,-77.16,-552.4
15.981,-118.0,-543.5
15.998,-160.7,-530.7
16.014,-201.3,-515.0
16.031,-239.9,-496.8
16.048,-273.5,-477.0
16.064,-305.7,-456.7
16.081,-330.4,-436.0
16.098,-357.6,-415.7
16.114,-375.5,-396.2
16.131,-390.4,-378.6
16.148,-401.2,-362.5
16.164,-415.2,-349.3
16.181,-420.5,-338.7
16.198,-426.6,-331.3
16.214,-430.4,-327.4
16.231,-431.1,-326.2
16.248,-429.1,-328.5
16.264,-424.9,-334.2
16.281,-417.8,-342.7
16.298,-408.9,-354.4
16.314,-396.6,-368.5
16.331,-382.6,-385.0
16.348,-364.3,-403.4
16.364,-343.3,-422.9
16.381,-319.2,-443.2
16.398,-293.3,-463.8
16.414,-262.0,-483.2
16.431,-226.7,-502.0
16.448,-189.5,-518.7
16.464,-149.1,-533.4
16.481,-108.5,-544.8
16.498,-65.54,-552.6
16.514,-20.27,-557.7
16.531,24.38,-559.1
16.548,70.36,-556.4
16.564,113.5,-550.3
16.581,155.4,-541.3
16.598,194.0,-529.1
16.614,231.1,-514.4
16.631,263.7,-498.1
16.648,294.3,-480.3
16.664,320.1,-462.2
16.681,344.0,-443.3
16.698,363.9,-425.4
16.714,382.1,-408.3
16.731,397.2,-392.4
16.748,409.0,-378.6
16.764,417.0,-367.3
16.781,423.4,-358.3
16.798,427.3,-352.1
16.814,430.1,-348.4
16.831,429.8,-347.9
16.848,428.8,-350.5
16.864,426.1,-355.6
16.881,418.9,-364.0
16.898,412.0,-374.5
16.914,401.5,-387.5
16.931,388.9,-402.3
16.948,371.9,-419.2
16.964,352.2,-437.2
16.981,331.0,-455.5
16.998,304.5,-474.5
17.014,275.7,-492.2
17.031,242.8,-509.2
17.048,206.0,-525.1
17.064,167.5,-538.5
17.081,126.0,-548.6
17.098,81.08,-556.1
17.114,38.13,-559.5
17.131,-8.234,-559.4
17.148,-51.59,-555.4
17.164,-99.89,-547.5
17.181,-137.9,-537.1
17.198,-179.2,-523.1
17.214,-216.5,-506.8
17.231,-252.7,-488.7
17.248,-284.2,-469.3
17.264,-313.7,-449.5
17.281,-334.8,-430.0
17.298,-357.0,-411.1
17.314,-374.4,-393.6
17.331,-391.2,-377.5
17.348,-403.3,-364.2
17.364,-412.6,-353.0
17.381,-414.7,-344.5
17.398,-419.7,-339.3
17.414,-421.3,-337.4
17.431,-421.0,-338.3
17.448,-417.0,-342.5
17.464,-412.3,-350.1
17.481,-403.7,-360.5
17.498,-393.2,-373.1
17.514,-378.5,-388.3
17.531,-361.5,-405.3
17.548,-341.3,-423.4
17.564,-317.7,-442.8
17.581,-290.6,-462.2
17.598,-263.8,-481.1
17.614,-231.4,-499.3
17.631,-194.7,-516.1
17.648,-155.9,-530.3
17.664,-116.1,-542.5
17.681,-73.12,-551.2
17.698,-32.99,-556.8
17.714,12.32,-559.0
17.731,55.57,-558.0
17.748,99.16,-553.1
17.764,140.5,-545.3
17.781,179.7,-534.6
17.798,214.7,-521.4
17.814,250.0,-506.3
17.831,280.6,-489.5
17.848,306.8,-472.3
17.864,332.3,-454.5
17.881,352.4,-437.3
17.898,369.0,-421.3
17.914,383.1,-406.1
17.931,396.8,-392.5
17.948,406.9,-380.5
17.964,414.1,-371.5
17.981,417.7,-365.2
17.998,420.1,-361.1
18.014,420.9,-360.1
18.031,420.4,-361.6
18.048,417.7,-365.8
18.064,411.3,-373.1
18.081,404.1,-382.3
18.098,394.2,-394.3
18.114,382.0,-408.4
18.131,365.5,-424.2
18.148,349.0,-440.4
18.164,326.9,-458.4
18.181,301.2,-476.4
18.198,274.7,-492.3
18.214,243.5,-509.5
18.231,208.4,-524.7
18.247,170.3,-537.5
18.264,130.5,-547.7
18.281,89.00,-554.6
18.297,44.94,-558.7
18.314,2.633,-559.3
18.331,-42.83,-555.9
18.347,-84.39,-549.7
18.364,-126.6,-539.9
18.381,-166.7,-527.0
18.397,-204.0,-512.0
18.414,-239.8,-494.8
18.431,-273.7,-476.5
18.447,-296.8,-457.9
18.464,-321.9,-439.0
18.481,-342.3,-420.7
18.497,-361.5,-403.7
18.514,-378.9,-388.2
18.531,-391.7,-375.0
18.547,-401.9,-364.1
18.564,-406.5,-355.6
18.581,-410.6,-350.3
18.597,-411.6,-347.7
18.614,-411.7,-348.3
18.631,-408.8,-352.3
18.647,-403.9,-359.1
18.664,-394.2,-368.5
18.681,-383.1,-380.6
18.697,-369.2,-394.5
18.714,-353.9,-410.7
18.731,-340.9,-428.3
18.747,-317.2,-446.5
18.764,-289.6,-465.4
18.781,-260.1,-483.5
18.797,-228.1,-500.7
18.814,-192.3,-516.6
18.831,-154.8,-530.7
18.847,-115.7,-542.0
18.864,-74.92,-550.9
18.881,-33.79,-556.5
18.897,8.166,-559.1
18.914,52.85,-558.1
18.931,93.36,-554.0
18.947,135.0,-546.7
18.964,170.8,-537.0
18.981,207.4,-524.5
18.997,239.9,-510.5
19.014,266.7,-495.3
19.031,293.4,-479.3
19.047,318.1,-462.3
19.064,339.1,-446.0
19.081,356.6,-430.4
19.097,371.3,-416.0
19.114,385.5,-402.6
19.131,395.3,-391.5
19.147,402.0,-382.5
19.164,407.4,-376.4
19.181,410.0,-372.4
19.197,410.8,-371.3
19.214,410.3,-372.8
19.231,406.7,-377.1
19.247,400.7,-383.9
19.264,394.2,-392.7
19.281,383.8,-404.4
19.297,371.4,-417.6
19.314,356.2,-432.3
19.331,337.8,-448.2
19.347,318.5,-464.6
19.364,293.1,-481.3
19.381,266.0,-497.3
19.397,233.6,-513.4
19.414,201.7,-527.6
19.431,162.9,-539.2
19.447,124.9,-548.5
19.464,85.16,-555.6
19.481,41.49,-558.7
19.497,-1.495,-559.2
19.514,-42.28,-556.1
19.531,-84.07,-549.7
19.547,-125.1,-540.6
19.564,-163.6,-528.4
19.581,-200.8,-513.7
19.597,-233.9,-497.5
19.614,-264.8,-480.1
19.631,-291.2,-462.4
19.647,-316.6,-444.4
19.664,-338.3,-427.2
19.681,-353.4,-410.8
19.697,-369.8,-396.2
19.714,-381.9,-383.3
19.731,-392.4,-373.2
19.747,-398.2,-365.4
19.764,-402.2,-360.2
19.781,-402.9,-358.4
19.797,-402.5,-359.3
19.814,-399.8,-363.1
19.831,-393.8,-370.2
19.847,-384.9,-379.4
19.864,-374.3,-391.3
19.881,-359.8,-405.3
19.897,-344.8,-421.0
19.914,-325.3,-437.7
19.931,-303.6,-455.1
19.947,-275.9,-473.1
19.964,-246.9,-490.4
19.981,-214.8,-506.4
19.997,-180.8,-521.5
20.014,-144.0,-534.4
20.031,-104.7,-544.8
20.047,-68.40,-552.1
20.064,-26.62,-557.4
20.081,14.84,-559.2
20.097,56.45,-558.0
20.114,96.79,-553.6
20.131,135.3,-546.4
20.147,172.8,-536.5
20.164,206.8,-525.3
20.181,237.9,-511.3
20.197,267.9,-496.5
20.214,294.7,-480.4
20.231,315.1,-465.2
20.247,337.2,-449.5
20.264,354.2,-434.5
20.281,367.5,-421.1
20.297,379.4,-409.1
20.314,388.5,-399.1
20.331,397.6,-390.7
20.347,401.1,-385.1
20.364,405.0,-381.6
20.381,405.3,-381.4
20.397,402.4,-383.2
20.414,399.9,-387.6
20.431,394.1,-394.6
20.447,384.4,-404.3
20.464,376.0,-414.4
20.481,360.7,-428.1
20.497,346.3,-442.4
20.514,327.9,-457.4
20.531,305.1,-473.3
20.547,280.4,-489.4
20.564,250.6,-505.3
20.581,221.0,-519.3
20.597,185.9,-532.2
20.614,152.7,-542.5
20.631,113.0,-551.4
20.647,73.46,-556.6
20.664,29.65,-559.3
20.680,-11.58,-558.9
20.697,-50.94,-555.2
20.714,-90.63,-548.5
20.730,-130.3,-538.7
20.747,-167.7,-526.4
20.764,-202.3,-512.4
20.780,-235.7,-496.7
20.797,-263.4,-480.1
20.814,-290.4,-463.2
20.830,-315.4,-446.3
20.847,-335.7,-429.8
20.864,-352.9,-414.6
20.880,-364.0,-400.4
20.897,-375.9,-389.2
20.914,-383.9,-380.1
20.930,-389.6,-373.4
20.947,-392.7,-369.5
20.964,-393.8,-368.4
20.980,-392.5,-370.2
20.997,-388.7,-375.0
21.014,-382.1,-382.4
21.030,-374.1,-392.0
21.047,-361.5,-404.1
21.064,-345.5,-417.7
21.080,-328.7,-433.2
21.097,-308.9,-449.5
21.114,-284.9,-466.2
21.130,-259.7,-483.2
21.147,-229.3,-499.5
21.164,-197.3,-514.6
21.180,-162.4,-527.7
21.197,-125.6,-539.5
21.214,-89.19,-548.5
21.230,-48.59,-555.0
21.247,-13.35,-558.4
21.264,29.52,-559.3
21.280,68.37,-557.1
21.297,109.6,-551.7
21.314,144.9,-544.2
21.330,178.6,-534.4
21.347,212.4,-522.5
21.364,240.9,-509.3
21.380,270.6,-494.6
21.397,295.9,-479.5
21.414,317.6,-464.7
21.430,334.1,-450.2
21.447,351.5,-436.5
21.464,364.2,-424.1
21.480,375.1,-413.3
21.497,383.9,-404.2
21.514,390.3,-397.3
21.530,393.8,-392.9
21.547,395.5,-391.1
21.564,395.4,-391.4
21.580,392.9,-394.1
21.597,388.4,-399.5
21.614,380.5,-407.0
21.630,372.4,-416.6
21.647,359.8,-428.1
21.664,344.8,-441.1
21.680,329.6,-455.5
21.697,311.3,-469.5
21.714,288.8,-484.4
21.730,259.8,-500.1
21.747,234.1,-513.5
21.764,203.5,-526.7
21.780,168.7,-538.3
21.797,132.4,-547.6
21.814,92.89,-554.1
21.830,54.60,-558.6
21.847,15.02,-559.5
21.864,-25.88,-557.3
21.880,-66.53,-552.5
21.897,-105.8,-545.0
21.914,-142.8,-534.5
21.930,-178.0,-522.3
21.947,-211.4,-507.9
21.964,-242.5,-492.6
21.980,-267.7,-476.4
21.997,-292.2,-460.3
22.014,-315.5,-444.0
22.030,-333.8,-429.3
22.047,-349.0,-415.4
22.064,-361.3,-403.5
22.080,-370.9,-393.5
22.097,-380.2,-386.1
22.114,-385.0,-381.1
22.130,-385.7,-378.7
22.147,-386.8,-379.1
22.164,-384.2,-382.0
22.180,-376.4,-387.7
22.197,-369.3,-395.6
22.214,-359.8,-406.2
22.230,-345.2,-418.5
22.247,-330.5,-432.1
22.264,-310.4,-447.4
22.280,-289.9,-463.5
22.297,-263.0,-479.4
22.314,-238.6,-495.0
22.330,-206.6,-509.6
22.347,-174.3,-523.3
22.364,-139.4,-535.4
22.380,-103.0,-545.1
22.397,-64.99,-552.7
22.414,-28.01,-557.2
22.430,12.97,-559.3
22.447,50.43,-558.4
22.464,89.73,-554.7
22.480,125.2,-548.5
22.497,158.8,-540.3
22.514,194.5,-529.6
22.530,224.9,-517.5
22.547,252.3,-504.5
22.564,277.5,-490.5
22.580,300.0,-476.4
22.597,319.4,-462.3
22.614,337.2,-448.4
22.630,351.0,-436.1
22.647,363.1,-425.2
22.664,374.0,-415.6
22.680,380.1,-408.3
22.697,384.7,-403.0
22.714,386.9,-400.1
22.730,388.0,-399.6
22.747,386.4,-401.3
22.764,382.8,-405.3
22.780,377.5,-411.7
22.797,368.4,-420.2
22.814,358.3,-430.3
22.830,345.3,-442.3
22.847,328.9,-455.2
22.864,309.9,-469.2
22.880,289.8,-483.4
22.897,263.7,-498.1
22.914,238.7,-511.4
22.930,208.7,-524.5
22.947,175.5,-536.2
22.964,142.5,-545.5
22.980,104.8,-552.9
22.997,67.70,-557.5
23.014,29.33,-559.5
23.030,-9.195,-558.7
23.047,-48.71,-555.2
23.064,-87.59,-548.7
23.080,-125.6,-539.7
23.097,-159.5,-529.0
23.113,-194.9,-515.8
23.130,-224.6,-501.6
23.147,-251.8,-486.3
23.163,-276.7,-471.1
23.180,-299.1,-455.6
23.197,-319.1,-441.0
23.213,-337.9,-427.3
23.230,-350.7,-415.4
23.247,-362.0,-405.3
23.263,-370.1,-397.3
23.280,-373.3,-391.5
23.297,-378.2,-388.2
23.313,-377.5,-387.7
23.330,-375.7,-389.4
23.347,-372.0,-394.2
23.363,-364.9,-401.3
23.380,-354.2,-410.5
23.397,-342.0,-421.3
23.413,-327.1,-434.3
23.430,-308.0,-448.5
23.447,-287.3,-462.9
23.463,-264.0,-478.4
23.480,-237.3,-493.6
23.497,-208.2,-508.1
23.513,-177.6,-521.6
23.530,-144.7,-533.3
23.547,-110.9,-543.3
23.563,-73.89,-551.0
23.580,-35.54,-556.1
23.597,2.313,-559.1
23.613,37.75,-559.2
23.630,77.92,-556.6
23.647,113.0,-551.4
23.663,146.3,-544.2
23.680,180.6,-534.4
23.697,210.5,-523.5
23.713,238.1,-511.1
23.730,263.3,-498.2
23.747,287.6,-484.5
23.763,306.5,-471.1
23.780,325.7,-457.5
23.797,341.1,-445.6
23.813,353.7,-434.4
23.830,363.4,-425.3
23.847,371.7,-417.7
23.863,376.7,-412.2
23.880,379.5,-408.9
23.897,381.2,-407.7
23.913,380.3,-408.7
23.930,376.6,-412.2
23.947,372.2,-417.6
23.963,363.3,-425.0
23.980,353.7,-434.4
23.997,341.2,-445.3
24.013,327.1,-457.5
24.030,309.4,-470.5
24.047,288.2,-484.1
24.063,265.9,-497.5
24.080,241.0,-510.5
24.097,211.4,-523.2
24.113,181.0,-534.4
24.130,147.3,-544.2
24.147,112.6,-551.5
24.163,74.20,-556.7
24.180,36.31,-559.2
24.197,-1.192E-2,-558.8
24.213,-38.11,-555.6
24.230,-76.40,-550.0
24.247,-113.9,-542.2
24.263,-148.3,-532.2
24.280,-179.2,-520.0
24.297,-211.4,-506.7
24.313,-239.1,-492.9
24.330,-264.1,-478.3
24.347,-286.6,-463.6
24.363,-307.3,-449.4
24.380,-323.9,-436.3
24.397,-337.7,-424.4
24.413,-349.6,-414.5
24.430,-358.7,-406.4
24.447,-364.6,-400.4
24.463,-368.7,-397.2
24.480,-369.6,-396.3
24.497,-367.7,-397.6
24.513,-363.0,-401.4
24.530,-357.6,-408.2
24.547,-347.8,-416.3
24.563,-334.9,-426.5
24.580,-319.6,-438.7
24.597,-303.4,-452.0
24.613,-282.9,-466.2
24.630,-259.6,-480.5
24.647,-234.0,-495.0
24.663,-209.4,-508.7
24.680,-179.6,-521.6
24.697,-146.0,-533.1
24.713,-112.5,-542.9
24.730,-76.95,-550.7
24.747,-40.06,-556.2
24.763,-3.476,-559.0
24.780,33.84,-559.4
24.797,69.94,-557.2
24.813,106.2,-552.4
24.830,141.3,-545.5
24.847,170.2,-537.3
24.863,198.9,-527.1
24.880,227.4,-515.3
24.897,255.3,-502.6
24.913,280.7,-489.4
24.930,301.4,-476.6
24.947,317.4,-464.3
24.963,333.1,-452.5
24.980,345.0,-442.1
24.997,355.1,-433.2
25.013,364.8,-425.5
25.030,369.2,-420.1
25.047,373.7,-416.8
25.063,374.4,-415.4
25.080,373.7,-416.2
25.097,370.4,-419.3
25.113,365.0,-424.1
25.130,358.1,-431.5
25.147,347.5,-440.4
25.163,335.0,-450.3
25.180,321.5,-461.6
25.197,305.8,-473.4
25.213,285.6,-486.6
25.230,262.8,-499.4
25.247,236.8,-512.3
25.263,208.5,-524.3
25.280,177.8,-535.1
25.297,145.6,-544.3
25.313,110.7,-551.2
25.330,74.47,-556.4
25.347,37.64,-559.0
25.363,4.839,-558.7
25.380,-36.24,-556.1
25.397,-72.16,-551.0
25.413,-108.1,-543.8
25.430,-141.6,-534.1
25.447,-173.1,-523.3
25.463,-202.3,-510.6
25.480,-230.5,-497.1
25.497,-256.1,-483.0
25.513,-279.0,-469.1
25.530,-297.5,-455.7
25.546,-314.9,-443.3
25.563,-330.6,-432.1
25.580,-341.3,-422.4
25.596,-349.6,-414.6
25.613,-357.3,-409.1
25.630,-359.6,-405.8
25.646,-360.7,-404.7
25.663,-359.5,-406.2
25.680,-356.0,-410.0
25.696,-348.9,-416.0
25.713,-339.3,-424.0
25.730,-327.1,-434.1
25.746,-312.8,-445.4
25.763,-295.9,-458.1
25.780,-276.3,-471.1
25.796,-253.1,-485.1
25.813,-228.7,-499.0
25.830,-201.6,-511.9
25.846,-172.2,-524.3
25.863,-140.6,-535.4
25.880,-107.3,-544.6
25.896,-73.86,-551.6
25.913,-39.06,-556.3
25.930,-2.550,-559.3
25.946,35.85,-559.5
25.963,70.67,-557.3
25.980,104.4,-553.2
25.996,138.5,-546.6
26.013,168.6,-538.4
26.030,198.2,-528.3
26.046,225.2,-517.3
26.063,250.4,-505.4
26.080,272.0,-493.3
26.096,291.6,-481.1
26.113,309.3,-469.1
26.130,324.5,-458.2
26.146,337.0,-448.2
26.163,347.7,-439.5
26.180,356.0,-432.4
26.196,361.5,-427.2
26.213,364.7,-424.0
26.230,365.8,-422.8
26.246,365.2,-423.6
26.263,362.0,-426.5
26.280,356.9,-431.4
26.296,349.2,-438.5
26.313,340.0,-446.6
26.330,328.1,-456.4
26.346,313.7,-467.3
26.363,296.1,-479.4
26.380,276.7,-491.4
26.396,255.1,-503.6
26.413,230.4,-515.5
26.430,201.0,-527.1
26.446,171.6,-537.4
26.463,140.0,-545.4
26.480,105.3,-552.1
26.496,71.13,-556.7
26.513,35.89,-558.6
26.530,-0.152,-558.3
26.546,-36.54,-555.9
26.563,-72.66,-551.0
26.580,-107.1,-543.9
26.596,-140.2,-534.7
26.613,-171.5,-523.5
26.630,-200.7,-511.4
26.646,-227.3,-498.4
26.663,-252.1,-485.3
26.680,-273.4,-472.3
26.696,-291.7,-459.6
26.713,-307.2,-447.5
26.730,-321.9,-437.1
26.746,-332.4,-428.4
26.763,-341.2,-421.3
26.780,-346.8,-416.4
26.796,-349.7,-413.4
26.813,-351.3,-413.2
26.830,-348.8,-414.6
26.846,-344.7,-418.4
26.863,-337.7,-424.4
26.880,-328.1,-432.3
26.896,-315.6,-441.6
26.913,-300.3,-452.7
26.930,-284.8,-465.1
26.946,-263.5,-477.6
26.963,-243.6,-490.6
26.980,-219.0,-503.4
26.996,-192.2,-515.9
27.013,-162.9,-527.6
27.030,-130.6,-537.7
27.046,-99.32,-546.1
27.063,-65.37,-552.6
27.080,-31.38,-557.1
27.096,4.822,-559.5
27.113,38.56,-559.3
27.130,72.71,-557.1
27.146,107.8,-552.3
27.163,141.2,-545.5
27.180,170.9,-537.4
27.196,201.1,-527.5
27.213,228.8,-516.4
27.230,251.5,-505.4
27.246,273.3,-493.5
27.263,291.3,-482.3
27.280,306.2,-471.3
27.296,323.0,-460.5
27.313,334.5,-451.5
27.330,344.0,-443.3
27.346,350.8,-437.2
27.363,356.8,-432.5
27.380,359.4,-430.1
27.396,359.9,-429.3
27.413,358.9,-430.6
27.430,355.6,-433.8
27.446,350.1,-438.6
27.463,342.0,-445.4
27.480,330.8,-454.1
27.496,317.7,-464.2
27.513,303.4,-474.5
27.530,285.2,-486.1
27.546,265.9,-497.4
27.563,242.7,-509.5
27.580,218.0,-520.5
27.596,189.5,-531.1
27.613,160.3,-540.4
27.630,128.2,-548.3
27.646,96.97,-553.7
27.663,62.69,-557.6
27.680,26.03,-559.1
27.696,-8.417,-558.2
27.713,-43.22,-555.1
27.730,-78.33,-549.8
27.746,-112.2,-542.7
27.763,-144.4,-533.4
27.780,-174.6,-523.1
27.796,-202.8,-511.4
27.813,-227.6,-498.6
27.830,-250.8,-486.4
27.846,-269.6,-473.6
27.863,-287.1,-461.6
27.880,-302.9,-450.6
27.896,-317.0,-441.3
27.913,-327.1,-433.3
27.930,-336.1,-427.3
27.946,-341.5,-423.0
27.963,-344.6,-421.1
27.979,-344.6,-421.2
27.996,-341.6,-423.4
28.013,-336.1,-427.6
28.029,-329.0,-433.5
28.046,-319.2,-441.4
28.063,-304.5,-450.7
28.079,-290.2,-461.4
28.096,-272.3,-473.0
28.113,-251.1,-485.3
28.129,-230.9,-498.1
28.146,-204.8,-509.9
28.163,-178.5,-521.6
28.179,-149.4,-532.0
28.196,-118.4,-541.1
28.213,-85.76,-548.8
28.229,-52.78,-554.6
28.246,-21.09,-558.3
28.263,15.22,-559.6
28.279,50.74,-558.6
28.296,83.45,-555.6
28.313,116.2,-550.6
28.329,145.0,-544.2
28.346,176.9,-535.4
28.363,202.0,-526.2
28.379,229.4,-515.6
28.396,252.3,-504.6
28.413,273.2,-493.5
28.429,291.4,-482.5
28.446,305.1,-472.4
28.463,320.1,-462.5
28.479,329.9,-454.2
28.496,338.5,-447.1
28.513,345.9,-441.5
28.529,350.5,-437.7
28.546,352.5,-435.7
28.563,352.4,-435.6
28.579,350.4,-437.6
28.596,345.9,-441.2
28.613,340.1,-446.7
28.629,331.4,-453.7
28.646,319.7,-462.1
28.663,305.3,-472.1
28.679,290.4,-482.5
28.696,271.9,-493.4
28.713,252.2,-504.5
28.729,229.5,-515.6
28.746,204.9,-525.5
28.763,176.6,-535.5
28.779,148.0,-543.6
28.796,115.1,-550.4
28.813,82.29,-555.3
28.829,47.82,-558.3
28.846,12.58,-558.9
28.863,-20.08,-557.2
28.879,-55.16,-553.5
28.896,-87.91,-547.7
28.913,-119.0,-540.5
28.929,-149.0,-530.8
28.946,-177.1,-519.9
28.963,-203.8,-509.2
28.979,-228.6,-497.3
28.996,-250.7,-485.6
29.013,-271.1,-474.2
29.029,-288.6,-463.4
29.046,-303.2,-453.4
29.063,-315.3,-445.1
29.079,-325.4,-438.2
29.096,-332.2,-433.0
29.113,-335.4,-429.8
29.129,-337.3,-428.5
29.146,-336.7,-429.1
29.163,-332.1,-432.1
29.179,-326.0,-437.1
29.196,-317.4,-443.4
29.213,-306.8,-451.3
29.229,-293.7,-461.1
29.246,-276.4,-471.6
29.263,-256.8,-483.3
29.279,-236.6,-494.9
29.296,-213.6,-506.4
29.313,-189.5,-517.5
29.329,-162.9,-528.1
29.346,-132.5,-537.9
29.363,-101.1,-546.5
29.379,-70.79,-552.4
29.396,-37.23,-557.1
29.413,-3.487,-559.8
29.429,31.20,-559.6
29.446,61.85,-558.1
29.463,94.80,-554.2
29.479,125.0,-549.0
29.496,155.2,-542.2
29.513,182.9,-533.4
29.529,207.2,-524.3
29.546,230.8,-514.2
29.563,253.7,-503.4
29.579,271.0,-493.1
29.596,289.6,-482.6
29.613,304.8,-472.6
29.629,315.7,-464.2
29.646,327.9,-456.6
29.663,334.7,-450.3
29.679,341.2,-445.8
29.696,343.7,-442.8
29.713,345.2,-442.0
29.729,344.3,-442.8
29.746,341.2,-445.2
29.763,336.4,-449.7
29.779,328.8,-455.5
29.796,318.6,-463.2
29.813,307.7,-471.5
29.829,292.6,-481.4
29.846,275.2,-491.4
29.863,258.6,-501.6
29.879,235.6,-512.3
29.896,213.0,-522.3
29.913,188.4,-531.6
29.929,159.6,-540.4
29.946,129.5,-547.6
29.963,97.68,-553.3
29.979,66.11,-556.7
29.996,32.47,-558.6
30.013,-1.240,-558.4
30.029,-35.95,-556.2
30.046,-66.42,-551.6
30.063,-99.09,-545.4
30.079,-130.3,-537.6
30.096,-160.2,-528.4
30.113,-188.2,-518.1
30.129,-211.6,-507.3
30.146,-232.3,-495.5
30.163,-253.4,-484.5
30.179,-273.7,-474.2
30.196,-289.3,-464.2
30.213,-300.8,-455.3
30.229,-308.4,-447.6
30.246,-321.1,-442.2
30.263,-326.4,-438.1
30.279,-329.7,-436.0
30.296,-329.9,-436.0
30.313,-326.6,-437.8
30.329,-322.6,-441.4
30.346,-315.5,-447.0
30.363,-307.8,-454.2
30.379,-292.2,-462.4
30.396,-274.8,-471.6
30.412,-259.7,-482.2
30.429,-241.7,-493.3
30.446,-219.8,-504.3
30.462,-195.9,-515.3
30.479,-169.1,-525.6
30.496,-142.3,-535.1
30.512,-112.6,-543.4
30.529,-81.60,-550.3
30.546,-50.42,-555.0
30.562,-17.98,-558.3
30.579,16.04,-559.6
30.596,46.13,-559.1
30.612,78.55,-556.4
30.629,110.5,-551.6
30.646,140.2,-545.7
30.662,167.1,-538.2
30.679,194.8,-529.4
30.696,217.1,-520.3
30.712,240.5,-510.5
30.729,260.1,-500.4
30.746,277.6,-490.4
30.762,292.2,-481.1
30.779,305.2,-472.3
30.796,317.1,-464.5
30.812,323.7,-458.1
30.829,330.4,-453.0
30.846,335.4,-449.6
30.862,338.0,-447.8
30.879,338.1,-447.7
30.896,335.9,-449.4
30.912,331.3,-453.2
30.929,324.4,-458.2
30.946,315.3,-465.1
30.962,305.7,-472.5
30.979,292.2,-481.3
30.996,276.5,-490.4
31.012,260.1,-500.6
31.029,240.4,-510.6
31.046,217.6,-520.4
31.062,194.0,-529.5
31.079,166.9,-538.3
31.096,138.7,-545.8
31.112,109.0,-551.7
31.129,75.99,-556.1
31.146,44.64,-558.4
31.162,11.89,-559.0
31.179,-20.21,-557.6
31.196,-52.14,-553.8
31.212,-84.38,-548.5
31.229,-115.3,-542.2
31.246,-144.2,-534.0
31.262,-170.7,-524.6
31.279,-196.4,-514.0
31.296,-218.8,-503.3
31.312,-238.1,-492.6
31.329,-257.5,-482.3
31.346,-274.1,-472.4
31.362,-286.6,-463.6
31.379,-299.5,-456.3
31.396,-307.9,-450.3
31.412,-314.3,-446.1
31.429,-319.1,-443.1
31.446,-320.0,-442.2
31.462,-318.4,-443.4
31.479,-314.4,-446.4
31.496,-307.7,-450.6
31.512,-299.5,-456.6
31.529,-289.5,-464.5
31.546,-276.7,-473.3
31.562,-258.0,-482.6
31.579,-241.9,-493.1
31.596,-220.4,-503.5
31.612,-198.8,-514.3
31.629,-173.8,-524.4
31.646,-145.9,-533.5
31.662,-116.3,-541.6
31.679,-88.36,-548.6
31.696,-57.20,-553.6
31.712,-26.87,-557.3
31.729,4.793,-559.1
31.746,37.19,-559.1
31.762,68.09,-557.4
31.779,99.10,-553.6
31.796,127.5,-548.4
31.812,156.7,-541.5
31.829,181.1,-534.0
31.846,205.6,-525.3
31.862,226.6,-516.3
31.879,248.0,-506.4
31.896,264.7,-497.1
31.912,282.5,-487.6
31.929,294.8,-479.1
31.946,307.2,-471.5
31.962,317.4,-464.6
31.979,324.5,-459.6
31.996,329.2,-455.7
32.012,331.8,-453.3
32.029,332.1,-452.9
32.046,330.9,-454.0
32.062,327.1,-457.1
32.079,322.1,-461.5
32.096,313.5,-467.4
32.112,303.1,-474.3
32.129,291.3,-482.4
32.146,276.5,-491.4
32.162,260.1,-500.5
32.179,240.2,-510.4
32.196,220.3,-519.5
32.212,198.1,-528.5
32.229,170.9,-537.1
32.246,144.7,-544.6
32.262,115.8,-550.4
32.279,85.09,-555.2
32.296,52.90,-558.3
32.312,20.99,-559.1
32.329,-10.40,-558.3
32.346,-42.07,-555.6
32.362,-73.54,-551.1
32.379,-103.4,-545.2
32.396,-132.8,-538.3
32.412,-160.5,-529.5
32.429,-186.2,-520.0
32.446,-206.0,-509.5
32.462,-227.1,-499.3
32.479,-246.7,-489.3
32.496,-264.7,-480.2
32.512,-277.6,-471.4
32.529,-291.4,-464.2
32.546,-295.9,-457.3
32.562,-301.8,-452.6
32.579,-311.9,-450.1
32.596,-314.0,-448.9
32.612,-312.9,-449.5
32.629,-306.1,-451.4
32.646,-301.3,-455.3
32.662,-292.1,-460.5
32.679,-281.6,-467.5
32.696,-270.0,-475.4
32.712,-254.8,-484.5
32.729,-238.7,-494.3
32.746,-220.3,-504.3
32.762,-198.3,-514.4
32.779,-173.3,-523.7
32.796,-150.5,-533.2
32.812,-124.3,-541.2
32.829,-94.77,-548.0
32.845,-64.54,-553.5
32.862,-33.83,-557.5
32.879,-1.981,-559.6
32.895,29.66,-559.6
32.912,59.48,-558.1
32.929,88.79,-555.3
32.945,118.3,-550.3
32.962,145.4,-544.5
32.979,170.8,-537.1
32.995,197.3,-528.7
33.012,218.4,-520.3
33.029,237.5,-511.2
33.045,258.1,-501.6
33.062,271.9,-493.1
33.079,288.1,-484.6
33.095,298.3,-477.3
33.112,309.2,-470.5
33.129,315.8,-465.4
33.145,321.6,-461.6
33.162,323.8,-459.1
33.179,324.8,-458.2
33.195,324.1,-459.2
33.212,321.0,-461.5
33.229,316.1,-465.2
33.245,309.1,-470.3
33.262,299.5,-477.2
33.279,288.4,-484.5
33.295,275.3,-492.6
33.312,258.8,-501.3
33.329,240.8,-510.4
33.345,221.1,-519.4
33.362,197.8,-528.4
33.379,173.9,-536.4
33.395,148.0,-543.5
33.412,119.8,-549.5
33.429,89.46,-554.4
33.445,59.24,-557.5
33.462,27.68,-559.1
33.479,-2.719,-558.6
33.495,-34.29,-556.4
33.512,-64.91,-552.5
33.529,-93.85,-546.8
33.545,-123.2,-539.9
33.562,-146.8,-531.6
33.579,-171.7,-522.6
33.595,-195.9,-513.4
33.612,-215.9,-503.6
33.629,-235.9,-494.2
33.645,-253.7,-485.3
33.662,-268.9,-477.2
33.679,-277.9,-469.4
33.695,-286.6,-463.5
33.712,-298.4,-459.3
33.729,-304.1,-456.1
33.745,-304.9,-454.6
33.762,-304.3,-454.7
33.779,-302.3,-456.5
33.795,-298.4,-460.2
33.812,-290.7,-465.3
33.829,-280.8,-471.4
33.845,-267.4,-478.5
33.862,-253.2,-487.2
33.879,-235.8,-496.2
33.895,-216.5,-505.6
33.912,-196.9,-515.1
33.929,-173.4,-524.6
33.945,-146.3,-532.4
33.962,-124.5,-541.1
33.979,-94.85,-547.6
33.995,-64.86,-552.6
34.012,-34.09,-556.7
34.029,-4.859,-558.7
34.045,25.12,-559.5
34.062,52.86,-558.2
34.079,83.75,-555.4
34.095,110.8,-551.2
34.112,139.7,-545.6
34.129,163.2,-539.1
34.145,187.6,-531.4
34.162,212.2,-522.6
34.179,230.8,-514.2
34.195,250.2,-505.5
34.212,264.8,-497.1
34.229,278.6,-489.3
34.245,290.3,-482.1
34.262,299.3,-476.0
34.279,308.2,-470.7
34.295,313.6,-466.7
34.312,316.7,-464.2
34.329,317.8,-463.4
34.345,317.2,-463.9
34.362,314.1,-466.1
34.379,309.5,-469.7
34.395,302.0,-474.4
34.412,293.4,-480.5
34.429,282.5,-487.6
34.445,268.6,-495.4
34.462,253.9,-503.4
34.479,238.1,-511.5
34.495,217.3,-520.5
34.512,194.3,-529.4
34.529,172.9,-536.5
34.545,144.8,-544.2
34.562,119.9,-549.5
34.579,90.68,-554.5
34.595,60.39,-557.5
34.612,28.99,-559.1
34.629,-0.775,-559.2
34.645,-31.23,-556.9
34.662,-59.62,-553.5
34.679,-88.79,-548.4
34.695,-118.7,-542.0
34.712,-143.6,-534.5
34.729,-168.7,-526.3
34.745,-188.0,-516.7
34.762,-208.6,-507.6
34.779,-228.0,-498.3
34.795,-243.1,-489.5
34.812,-256.7,-481.7
34.829,-268.1,-474.6
34.845,-277.2,-468.4
34.862,-284.6,-464.1
34.879,-290.5,-461.4
34.895,-292.4,-459.6
34.912,-292.7,-459.5
34.929,-290.3,-461.1
34.945,-285.0,-464.4
34.962,-278.3,-469.1
34.979,-269.3,-475.3
34.995,-257.7,-482.4
35.012,-244.0,-490.3
35.029,-227.1,-498.7
35.045,-209.0,-507.6
35.062,-188.5,-516.7
35.079,-166.4,-525.5
35.095,-145.0,-534.2
35.112,-117.8,-541.5
35.129,-92.59,-548.0
35.145,-63.85,-553.3
35.162,-34.49,-556.7
35.179,-7.080,-559.0
35.195,23.64,-559.6
35.212,52.32,-558.3
35.229,82.09,-555.6
35.245,110.8,-551.5
35.262,136.5,-546.4
35.278,160.1,-540.2
35.295,186.3,-532.5
35.312,208.4,-524.6
35.328,227.6,-516.5
35.345,244.4,-508.3
35.362,260.1,-500.3
35.378,274.5,-492.5
35.395,286.6,-485.7
35.412,295.8,-479.4
35.428,303.5,-474.7
35.445,308.5,-470.7
35.462,311.5,-468.5
35.478,312.7,-467.6
35.495,311.6,-468.0
35.512,308.8,-470.1
35.528,304.6,-473.5
35.545,297.5,-478.5
35.562,289.3,-483.7
35.578,278.1,-490.5
35.595,263.2,-498.2
35.612,250.4,-505.6
35.628,231.6,-514.3
35.645,213.0,-522.4
35.662,191.4,-530.4
35.678,167.8,-538.0
35.695,143.1,-544.4
35.712,115.5,-550.2
35.728,88.12,-554.6
35.745,58.42,-557.2
35.762,28.90,-559.0
35.778,0.629,-558.7
35.795,-28.87,-556.7
35.812,-59.08,-553.1
35.828,-85.79,-548.6
35.845,-111.1,-542.5
35.862,-137.8,-535.4
35.878,-161.3,-527.4
35.895,-186.0,-519.1
35.912,-205.4,-510.4
35.928,-225.9,-502.0
35.945,-239.4,-493.7
35.962,-254.2,-486.2
35.978,-266.3,-479.4
35.995,-277.0,-474.1
36.012,-280.4,-469.6
36.028,-286.1,-466.4
36.045,-289.1,-465.0
36.062,-288.3,-465.4
36.078,-287.0,-467.0
36.095,-282.1,-470.2
36.112,-276.1,-475.0
36.128,-265.3,-480.5
36.145,-254.5,-487.2
36.162,-238.8,-494.4
36.178,-222.9,-502.4
36.195,-205.6,-511.5
36.212,-186.2,-520.1
36.228,-163.8,-528.4
36.245,-141.0,-536.1
36.262,-116.6,-543.1
36.278,-90.24,-549.0
36.295,-59.26,-553.6
36.312,-33.94,-557.0
36.328,-4.803,-559.3
36.345,24.81,-559.5
36.362,50.94,-559.0
36.378,80.74,-556.1
36.395,108.3,-552.3
36.412,134.0,-547.3
36.428,157.7,-541.5
36.445,180.6,-534.5
36.462,200.4,-527.2
36.478,220.1,-519.2
36.495,237.0,-511.2
36.512,253.7,-503.5
36.528,266.8,-496.3
36.545,279.7,-489.3
36.562,287.1,-484.0
36.578,295.1,-479.3
36.595,300.8,-475.5
36.612,304.1,-473.3
36.628,305.3,-472.5
36.645,304.5,-473.3
36.662,301.1,-475.0
36.678,296.2,-478.4
36.695,289.1,-483.1
36.712,281.2,-488.7
36.728,269.0,-495.2
36.745,256.2,-502.4
36.762,239.8,-510.1
36.778,222.4,-518.2
36.795,205.3,-525.5
36.812,183.5,-533.2
36.828,161.3,-540.4
36.845,137.5,-546.6
36.862,111.1,-551.4
36.878,84.92,-555.4
36.895,55.14,-558.2
36.912,27.47,-559.4
36.928,-3.084,-559.2
36.945,-31.40,-557.2
36.962,-59.85,-554.0
36.978,-87.18,-549.2
36.995,-110.8,-543.3
37.012,-134.8,-536.5
37.028,-157.1,-528.6
37.045,-179.3,-520.6
37.062,-198.9,-512.5
37.078,-218.4,-504.4
37.095,-233.0,-496.4
37.112,-247.1,-489.3
37.128,-257.8,-483.4
37.145,-267.1,-478.3
37.162,-274.1,-474.3
37.178,-277.8,-471.5
37.195,-279.9,-470.3
37.212,-279.4,-470.6
37.228,-277.3,-472.1
37.245,-271.7,-475.4
37.262,-264.0,-479.4
37.278,-253.9,-484.6
37.295,-243.2,-491.5
37.312,-230.8,-499.1
37.328,-212.9,-506.5
37.345,-194.4,-514.7
37.362,-175.4,-522.5
37.378,-154.4,-530.4
37.395,-130.9,-537.5
37.412,-107.9,-544.5
37.428,-82.79,-550.1
37.445,-55.70,-554.4
37.462,-27.21,-557.4
37.478,-0.615,-559.3
37.495,28.95,-559.5
37.512,56.37,-558.3
37.528,84.16,-555.6
37.545,110.9,-551.4
37.562,136.2,-546.6
37.578,159.8,-540.3
37.595,180.7,-534.3
37.612,203.9,-526.5
37.628,220.9,-519.2
37.645,238.9,-511.4
37.662,253.4,-504.6
37.678,266.4,-497.6
37.695,276.6,-491.5
37.711,284.9,-486.3
37.728,291.1,-482.2
37.745,295.9,-479.1
37.761,298.9,-477.3
37.778,300.0,-476.6
37.795,299.0,-477.5
37.811,295.9,-479.6
37.828,291.2,-482.7
37.845,283.6,-487.1
37.861,274.4,-492.5
37.878,262.2,-499.1
37.895,248.1,-506.1
37.911,233.2,-513.2
37.928,218.1,-520.5
37.945,197.5,-528.3
37.961,176.4,-535.3
37.978,155.3,-541.5
37.995,130.5,-547.4
38.011,104.9,-552.4
38.028,76.58,-556.3
38.045,49.91,-558.2
38.061,20.98,-559.1
38.078,-5.056,-558.5
38.095,-31.95,-556.6
38.111,-59.97,-553.3
38.128,-86.60,-548.5
38.145,-111.1,-542.5
38.161,-137.7,-536.2
38.178,-157.2,-528.4
38.195,-180.5,-521.4
38.211,-197.9,-513.4
38.228,-213.7,-505.5
38.245,-229.6,-498.4
38.261,-240.8,-491.5
38.278,-251.0,-485.5
38.295,-261.4,-481.3
38.311,-269.2,-478.1
38.328,-270.9,-475.6
38.345,-272.3,-474.4
38.361,-272.2,-475.0
38.378,-268.0,-476.7
38.395,-263.6,-480.2
38.411,-255.1,-484.3
38.428,-244.5,-489.6
38.445,-232.2,-495.7
38.461,-220.3,-503.1
38.478,-203.2,-510.3
38.495,-185.4,-518.4
38.511,-170.1,-526.3
38.528,-147.8,-533.5
38.545,-125.3,-540.3
38.561,-99.27,-546.4
38.578,-74.00,-551.4
38.595,-49.26,-555.2
38.611,-22.68,-558.2
38.628,6.066,-559.6
38.645,32.75,-559.3
38.661,58.87,-558.1
38.678,86.33,-555.3
38.695,111.7,-551.3
38.711,135.7,-546.3
38.728,158.9,-540.3
38.745,179.2,-534.3
38.761,199.5,-527.4
38.778,217.3,-520.2
38.795,233.0,-513.2
38.811,246.7,-506.2
38.828,261.3,-499.6
38.845,268.5,-494.2
38.861,277.1,-489.4
38.878,284.8,-485.5
38.895,289.5,-482.7
38.911,291.4,-481.3
38.928,291.7,-481.1
38.945,290.0,-482.0
38.961,286.7,-484.5
38.978,281.2,-487.6
38.995,272.3,-492.2
39.011,264.9,-497.4
39.028,253.9,-503.5
39.045,239.5,-510.4
39.061,224.6,-517.4
39.078,207.9,-524.4
39.095,188.7,-531.5
39.111,167.2,-538.3
39.128,144.6,-544.4
39.145,120.3,-549.4
39.161,96.63,-553.6
39.178,70.35,-556.5
39.195,43.24,-558.5
39.211,15.50,-559.3
39.228,-11.54,-558.3
39.245,-39.81,-556.2
39.261,-64.82,-552.6
39.278,-89.24,-547.6
39.295,-116.3,-542.1
39.311,-136.1,-535.5
39.328,-157.8,-528.5
39.345,-179.0,-521.3
39.361,-194.5,-513.6
39.378,-212.4,-506.5
39.395,-227.5,-500.3
39.411,-240.2,-494.2
39.428,-247.1,-488.5
39.445,-255.3,-484.2
39.461,-261.1,-481.2
39.478,-263.7,-479.4
39.495,-265.1,-479.0
39.511,-262.5,-479.7
39.528,-260.4,-482.1
39.545,-253.9,-485.4
39.561,-245.5,-489.6
39.578,-236.5,-495.3
39.595,-223.9,-501.3
39.611,-209.9,-508.2
39.628,-193.7,-515.2
39.645,-175.0,-522.4
39.661,-154.7,-529.6
39.678,-135.0,-537.0
39.695,-112.3,-543.1
39.711,-87.40,-548.5
39.728,-64.70,-553.1
39.745,-37.80,-556.5
39.761,-12.97,-559.0
39.778,15.30,-559.6
39.795,39.91,-559.1
39.811,66.36,-557.4
39.828,92.29,-554.5
39.845,117.8,-550.2
39.861,141.3,-545.4
39.878,164.4,-539.5
39.895,183.4,-533.3
39.911,203.2,-526.5
39.928,218.1,-520.2
39.945,234.2,-513.4
39.961,248.4,-506.6
39.978,260.1,-500.6
39.995,269.3,-495.6
40.011,276.5,-491.5
40.028,281.2,-488.2
40.045,285.7,-485.8
40.061,287.1,-484.7
40.078,287.1,-484.6
40.095,284.6,-486.3
40.111,280.9,-488.7
40.128,274.4,-492.3
40.144,267.1,-496.7
40.161,256.0,-502.1
40.178,244.2,-508.2
40.194,231.5,-514.6
40.211,214.7,-521.4
40.228,196.9,-528.3
40.244,176.7,-535.3
40.261,156.6,-541.3
40.278,135.3,-546.5
40.294,111.0,-551.2
40.311,85.85,-555.0
40.328,59.71,-557.7
40.344,32.69,-559.1
40.361,5.438,-559.3
40.378,-19.55,-557.7
40.394,-47.16,-555.3
40.411,-72.53,-551.5
40.428,-97.54,-547.1
40.444,-120.7,-541.6
40.461,-139.0,-534.5
40.478,-162.2,-528.2
40.494,-180.7,-521.4
40.511,-195.6,-513.5
40.528,-211.4,-507.4
40.544,-226.0,-501.2
40.561,-235.1,-495.4
40.578,-245.5,-491.2
40.594,-251.7,-487.3
40.611,-254.4,-484.7
40.628,-257.4,-483.5
40.644,-257.5,-483.5
40.661,-255.8,-484.5
40.678,-250.8,-486.7
40.694,-244.9,-490.3
40.711,-236.5,-495.3
40.728,-225.6,-500.5
40.744,-213.1,-506.6
40.761,-199.3,-513.4
40.778,-183.9,-520.2
40.794,-165.6,-527.2
40.811,-143.2,-533.4
40.828,-121.5,-539.6
40.844,-99.13,-545.4
40.861,-75.04,-550.4
40.878,-51.31,-554.4
40.894,-26.82,-557.3
40.911,-9.775E-3,-558.4
40.928,24.40,-559.5
40.944,49.81,-558.2
40.961,75.38,-556.4
40.978,99.77,-553.2
40.994,122.5,-549.3
41.011,144.9,-544.2
41.028,166.2,-538.3
41.044,185.8,-532.3
41.061,204.9,-525.5
41.078,219.5,-519.4
41.094,233.6,-513.3
41.111,246.4,-507.4
41.128,258.1,-501.6
41.144,265.1,-497.3
41.161,272.3,-493.5
41.178,277.8,-490.5
41.194,279.8,-489.0
41.211,281.2,-488.3
41.228,280.0,-489.1
41.244,277.2,-490.9
41.261,272.7,-493.7
41.278,265.7,-497.6
41.294,256.4,-502.2
41.311,247.1,-507.5
41.328,234.1,-513.4
41.344,220.3,-519.6
41.361,202.8,-526.1
41.378,186.1,-532.3
41.394,166.6,-538.4
41.411,147.3,-543.6
41.428,122.3,-549.2
41.444,98.45,-553.4
41.461,74.14,-556.4
41.478,48.79,-558.3
41.494,22.76,-559.3
41.511,-1.955,-558.5
41.528,-27.60,-557.1
41.544,-52.68,-554.4
41.561,-78.15,-550.3
41.578,-100.2,-545.4
41.594,-126.1,-540.3
41.611,-143.0,-533.4
41.628,-162.8,-527.4
41.644,-179.6,-520.5
41.661,-198.9,-514.3
41.678,-209.7,-507.6
41.694,-224.1,-502.2
41.711,-233.5,-497.5
41.728,-242.0,-493.3
41.744,-247.4,-490.4
41.761,-251.7,-488.4
41.778,-252.6,-487.6
41.794,-252.5,-488.2
41.811,-248.9,-489.6
41.828,-243.4,-492.5
41.844,-236.8,-496.3
41.861,-226.6,-500.7
41.878,-216.7,-506.3
41.894,-204.0,-512.3
41.911,-187.0,-518.5
41.928,-172.5,-525.4
41.944,-151.4,-531.5
41.961,-133.8,-538.2
41.978,-109.9,-543.5
41.994,-86.65,-548.5
42.011,-65.96,-553.1
42.028,-41.12,-556.3
42.044,-15.85,-558.5
42.061,9.067,-559.3
42.078,33.80,-559.2
42.094,58.11,-558.1
42.111,84.34,-555.4
42.128,106.6,-552.2
42.144,130.5,-547.7
42.161,148.8,-543.2
42.178,170.1,-537.4
42.194,188.3,-531.4
42.211,204.3,-525.3
42.228,218.9,-519.3
42.244,233.0,-513.4
42.261,245.8,-507.5
42.278,253.8,-503.1
42.294,261.2,-499.1
42.311,268.5,-495.7
42.328,271.8,-493.4
42.344,273.7,-492.1
42.361,273.9,-492.2
42.378,272.2,-493.3
42.394,268.7,-495.6
42.411,263.4,-498.7
42.428,255.6,-502.4
42.444,246.0,-507.2
42.461,233.2,-513.2
42.478,222.0,-518.5
42.494,207.3,-524.5
42.511,191.2,-530.5
42.528,173.3,-536.5
42.544,152.9,-542.2
42.561,130.8,-547.2
42.577,110.1,-551.4
42.594,85.20,-555.1
42.611,62.18,-557.5
42.627,38.41,-558.6
42.644,10.19,-559.1
42.661,-15.24,-558.2
42.677,-40.07,-556.2
42.694,-64.32,-553.3
42.711,-85.75,-549.3
42.727,-106.3,-543.6
42.744,-127.9,-538.3
42.761,-149.0,-532.3
42.777,-166.0,-525.5
42.794,-182.2,-519.4
42.811,-197.4,-513.4
42.827,-209.2,-507.5
42.844,-219.4,-502.5
42.861,-229.5,-498.3
42.877,-237.2,-495.1
42.894,-241.1,-492.5
42.911,-243.7,-491.3
42.927,-244.3,-491.0
42.944,-242.1,-492.2
42.961,-238.5,-494.3
42.977,-232.5,-497.5
42.994,-223.8,-501.2
43.011,-213.9,-506.0
43.027,-201.2,-511.4
43.044,-187.9,-517.3
43.061,-171.5,-523.5
43.077,-153.8,-529.6
43.094,-135.2,-535.4
43.111,-115.8,-541.4
43.127,-94.98,-546.4
43.144,-73.28,-551.3
43.161,-51.23,-555.1
43.177,-26.01,-557.5
43.194,-2.222,-559.1
43.211,23.60,-559.5
43.227,47.95,-558.4
43.244,72.34,-556.4
43.261,96.51,-553.6
43.277,117.0,-550.2
43.294,140.3,-545.5
43.311,159.8,-540.4
43.327,177.4,-535.2
43.344,195.3,-529.3
43.361,211.0,-523.4
43.377,225.0,-517.5
43.394,236.6,-512.5
43.411,247.5,-507.6
43.427,255.1,-503.3
43.444,262.0,-499.5
43.461,266.1,-497.1
43.477,269.5,-495.5
43.494,269.9,-495.0
43.511,269.7,-495.6
43.527,266.0,-497.2
43.544,262.1,-499.6
43.561,255.1,-503.2
43.577,246.9,-507.4
43.594,236.6,-512.3
43.611,225.0,-517.3
43.627,210.9,-523.1
43.644,196.5,-528.6
43.661,179.6,-534.7
43.677,159.4,-540.3
43.694,140.0,-545.3
43.711,119.8,-549.4
43.727,96.31,-553.5
43.744,72.14,-556.2
43.761,48.41,-558.4
43.777,22.66,-559.4
43.794,-2.954,-559.1
43.811,-24.98,-557.5
43.827,-50.73,-555.1
43.844,-72.67,-551.4
43.861,-95.97,-547.2
43.877,-117.1,-542.2
43.894,-134.7,-536.4
43.911,-153.4,-530.4
43.927,-168.9,-524.5
43.944,-185.7,-518.3
43.961,-199.5,-513.2
43.977,-210.7,-508.3
43.994,-219.8,-503.5
44.011,-226.3,-499.7
