,mass A,,
t,x,y,
0.000,-303.5,-422.4
0.017,-297.3,-427.8
0.033,-288.0,-434.7
0.050,-276.7,-442.5
0.067,-263.5,-451.2
0.083,-249.2,-460.4
0.100,-230.1,-469.5
0.117,-194.9,-478.6
0.133,-172.0,-487.6
0.150,-147.7,-496.2
0.167,-121.7,-503.4
0.184,-94.16,-509.5
0.200,-64.86,-514.0
0.217,-39.98,-517.6
0.234,-12.32,-519.2
0.250,23.51,-518.5
0.267,50.49,-517.2
0.284,78.85,-514.2
0.300,106.5,-509.2
0.317,134.5,-502.9
0.334,163.3,-495.0
0.350,189.9,-486.2
0.367,212.7,-476.6
0.384,232.6,-468.1
0.400,251.0,-459.3
0.417,265.7,-450.5
0.434,278.9,-442.6
0.450,289.7,-435.3
0.467,300.0,-429.3
0.484,306.6,-424.4
0.500,310.3,-420.9
0.517,312.7,-419.3
0.534,312.3,-419.4
0.551,310.0,-421.4
0.567,305.0,-424.6
0.584,293.9,-430.0
0.601,285.5,-436.0
0.617,273.6,-443.4
0.634,259.8,-451.4
0.651,237.0,-460.2
0.667,219.6,-469.2
0.684,199.6,-478.3
0.701,177.4,-487.0
0.717,152.2,-495.0
0.734,125.5,-501.9
0.751,95.71,-508.1
0.767,67.51,-512.4
0.784,38.74,-515.2
0.801,7.548,-517.2
0.817,-21.63,-516.6
0.834,-43.39,-514.7
0.851,-75.55,-511.5
0.868,-108.4,-506.7
0.884,-134.8,-500.8
0.901,-156.5,-493.5
0.918,-183.4,-486.6
0.934,-205.8,-479.0
0.951,-221.7,-470.7
0.968,-241.3,-463.0
0.984,-254.2,-455.8
1.001,-267.1,-449.3
1.018,-275.9,-443.7
1.034,-283.8,-439.2
1.051,-288.6,-436.3
1.068,-291.2,-434.5
1.084,-291.7,-434.5
1.101,-290.4,-436.0
1.118,-285.4,-438.7
1.134,-279.3,-442.9
1.151,-270.8,-448.1
1.168,-259.5,-454.4
1.185,-245.6,-461.7
1.201,-231.1,-469.3
1.218,-212.9,-477.2
1.235,-193.8,-485.0
1.251,-173.3,-493.2
1.268,-149.0,-499.7
1.285,-125.1,-506.3
1.301,-98.24,-511.4
1.318,-71.19,-515.3
1.335,-44.07,-518.2
1.351,-15.01,-519.5
1.368,12.41,-519.4
1.385,44.41,-517.5
1.401,69.71,-514.6
1.418,98.68,-509.6
1.435,121.0,-504.2
1.451,146.0,-497.6
1.468,166.9,-490.0
1.485,193.1,-482.6
1.502,211.7,-474.6
1.518,228.6,-466.6
1.535,240.7,-459.1
1.552,255.3,-452.4
1.568,265.3,-446.0
1.585,276.4,-440.7
1.602,282.7,-436.7
1.618,287.7,-433.8
1.635,288.2,-432.5
1.652,288.2,-432.5
1.668,287.6,-433.7
1.685,279.0,-437.0
1.702,272.2,-441.2
1.718,263.9,-446.6
1.735,254.2,-452.6
1.752,242.8,-459.8
1.768,224.5,-467.2
1.785,206.1,-475.4
1.802,185.6,-483.4
1.818,166.3,-490.7
1.835,143.2,-497.5
1.852,117.7,-503.2
1.869,89.60,-508.6
1.885,63.29,-512.6
1.902,37.04,-515.1
1.919,6.294,-516.2
1.935,-18.02,-515.5
1.952,-39.68,-513.7
1.969,-72.03,-511.0
1.985,-97.23,-506.8
2.002,-123.5,-501.7
2.019,-145.4,-495.4
2.035,-161.9,-489.2
2.052,-183.8,-482.5
2.069,-203.1,-475.5
2.085,-211.1,-469.3
2.102,-224.1,-463.4
2.119,-240.0,-457.5
2.135,-244.8,-453.3
2.152,-255.3,-449.5
2.169,-259.3,-447.2
2.186,-265.3,-445.6
2.202,-265.4,-445.6
2.219,-260.4,-447.4
2.236,-256.1,-450.1
2.252,-247.3,-454.1
2.269,-243.5,-458.6
2.286,-227.7,-464.2
2.302,-216.8,-470.1
2.319,-201.9,-477.3
2.336,-186.4,-483.8
2.352,-166.5,-490.3
2.369,-145.0,-496.6
2.386,-123.7,-502.2
2.402,-99.78,-507.5
2.419,-79.77,-512.6
2.436,-54.48,-515.6
2.452,-33.80,-518.5
2.469,-7.806,-519.4
2.486,23.42,-518.6
2.502,48.47,-516.6
2.519,68.41,-514.2
2.536,92.77,-510.2
2.553,116.8,-505.3
2.569,145.5,-498.7
2.586,164.7,-492.5
2.603,183.2,-485.6
2.619,201.0,-478.5
2.636,216.6,-471.5
2.653,229.4,-465.5
2.669,242.0,-459.5
2.686,250.8,-454.4
2.703,259.8,-449.6
2.719,264.8,-446.5
2.736,268.0,-444.2
2.753,269.6,-443.5
2.769,268.9,-443.8
2.786,265.7,-445.5
2.803,260.9,-448.3
2.819,252.7,-452.5
2.836,242.2,-457.0
2.853,229.1,-463.1
2.870,217.6,-469.4
2.886,204.5,-475.7
2.903,186.5,-482.6
2.920,167.3,-489.4
2.936,148.2,-495.7
2.953,125.7,-501.5
2.970,102.5,-506.6
2.986,80.50,-510.8
3.003,53.47,-514.1
3.020,32.43,-515.7
3.036,10.98,-515.6
3.053,-15.00,-515.4
3.070,-38.95,-513.5
3.086,-74.56,-512.6
3.103,-99.03,-509.1
3.120,-121.9,-504.4
3.136,-141.8,-499.2
3.153,-162.2,-494.3
3.170,-179.4,-488.5
3.187,-194.0,-482.8
3.203,-210.0,-477.3
3.220,-221.3,-472.4
3.237,-231.6,-468.0
3.253,-239.2,-464.6
3.270,-244.6,-461.5
3.287,-248.2,-459.7
3.303,-249.9,-459.2
3.320,-249.1,-459.5
3.337,-246.2,-460.7
3.353,-243.0,-463.1
3.370,-235.7,-466.5
3.387,-226.5,-470.5
3.403,-216.6,-475.5
3.420,-202.6,-480.8
3.437,-189.4,-486.3
3.453,-169.6,-491.6
3.470,-154.9,-497.1
3.487,-134.9,-502.6
3.503,-115.2,-507.5
3.520,-91.71,-511.5
3.537,-67.90,-514.4
3.554,-41.87,-516.5
3.570,-16.23,-517.6
3.587,2.782,-518.5
3.604,26.71,-517.4
3.620,50.30,-515.4
3.637,73.75,-512.4
3.654,97.04,-508.5
3.670,116.1,-504.2
3.687,137.7,-498.7
3.704,161.2,-492.7
3.720,178.0,-486.7
3.737,192.6,-480.6
3.754,204.1,-475.2
3.770,217.8,-469.7
3.787,228.2,-464.7
3.804,236.6,-460.5
3.820,240.3,-457.2
3.837,247.0,-454.8
3.854,249.0,-453.5
3.871,249.5,-453.4
3.887,247.7,-454.0
3.904,244.1,-455.9
3.921,238.8,-458.6
3.937,230.8,-462.4
3.954,222.5,-466.9
3.971,209.4,-472.4
3.987,198.5,-477.8
4.004,183.2,-483.7
4.021,165.8,-489.6
4.037,149.6,-494.8
4.054,127.9,-500.4
4.071,107.3,-505.6
4.087,86.06,-509.3
4.104,64.29,-512.7
4.121,42.29,-514.8
4.137,15.92,-516.4
4.154,-9.832,-517.1
4.171,-34.64,-516.3
4.188,-56.47,-514.5
4.204,-80.54,-512.2
4.221,-102.1,-509.1
4.238,-120.6,-504.5
4.254,-139.0,-500.4
4.271,-154.0,-495.7
4.288,-171.9,-491.2
4.304,-185.1,-486.5
4.321,-198.9,-482.1
4.338,-208.6,-478.3
4.354,-214.0,-474.7
4.371,-223.2,-472.1
4.388,-228.5,-470.1
4.404,-230.6,-469.1
4.421,-230.6,-468.8
4.438,-229.2,-469.5
4.454,-226.3,-471.1
4.471,-220.6,-473.7
4.488,-211.2,-476.6
4.505,-203.6,-480.2
4.521,-191.1,-484.7
4.538,-180.1,-489.3
4.555,-166.0,-494.2
4.571,-147.1,-498.7
4.588,-132.8,-503.4
4.605,-102.7,-505.6
4.621,-90.60,-510.3
4.638,-67.68,-513.5
4.655,-44.98,-515.5
4.671,-26.84,-517.3
4.688,-6.424,-518.3
4.705,17.14,-517.6
4.721,37.00,-516.3
4.738,57.73,-514.1
4.755,78.67,-511.2
4.771,99.80,-507.6
4.788,121.7,-502.6
4.805,135.8,-498.1
4.821,152.8,-493.1
4.838,168.7,-487.5
4.855,184.4,-482.5
4.872,196.1,-477.4
4.888,206.2,-473.4
4.905,215.3,-469.2
4.922,221.8,-466.3
4.938,227.6,-463.9
4.955,229.7,-462.6
4.972,230.4,-462.0
4.988,229.7,-462.4
5.005,227.4,-463.9
5.022,223.1,-465.9
5.038,215.4,-469.0
5.055,208.3,-472.8
5.072,198.3,-476.5
5.088,186.5,-481.5
5.105,173.5,-486.3
5.122,155.8,-491.7
5.138,139.5,-496.6
5.155,121.8,-501.7
5.172,103.1,-505.6
5.189,83.37,-509.4
5.205,63.11,-512.2
5.222,44.18,-514.8
5.239,20.92,-516.4
5.255,1.736,-516.6
5.272,-22.20,-516.4
5.289,-41.82,-515.3
5.305,-61.89,-513.5
5.322,-83.24,-511.3
5.339,-106.8,-508.1
5.355,-124.1,-505.2
5.372,-139.0,-501.1
5.389,-154.0,-497.2
5.405,-167.5,-493.2
5.422,-179.0,-489.3
5.439,-185.9,-485.6
5.455,-193.6,-482.7
5.472,-202.4,-480.3
5.489,-206.1,-478.5
5.505,-208.9,-477.3
5.522,-207.7,-476.7
5.539,-209.4,-477.3
5.556,-205.2,-478.6
5.572,-202.5,-480.2
5.589,-194.3,-482.7
5.606,-186.5,-485.7
5.622,-178.2,-489.4
5.639,-167.9,-493.2
5.656,-154.3,-497.2
5.672,-140.6,-501.2
5.689,-125.0,-505.1
5.706,-108.3,-508.5
5.722,-87.87,-511.5
5.739,-71.13,-514.2
5.756,-50.67,-516.5
5.772,-29.96,-517.6
5.789,-12.02,-518.2
5.806,6.785,-518.3
5.822,33.63,-516.8
5.839,48.70,-515.3
5.856,67.47,-513.3
5.873,90.90,-509.7
5.889,105.2,-506.4
5.906,127.5,-501.9
5.923,140.5,-497.4
5.939,156.1,-492.7
5.956,168.7,-488.6
5.973,177.5,-484.3
5.989,190.1,-480.6
6.006,195.9,-477.3
6.023,204.5,-474.6
6.039,211.4,-472.5
6.056,214.3,-470.8
6.073,215.2,-470.4
6.089,214.7,-470.4
6.106,212.3,-471.5
6.123,205.8,-473.4
6.139,202.6,-475.8
6.156,192.1,-479.1
6.173,185.8,-482.8
6.190,174.8,-486.7
6.206,162.0,-490.8
6.223,146.7,-495.1
6.240,130.4,-500.1
6.256,114.4,-504.0
6.273,97.05,-507.6
6.290,81.64,-510.7
6.306,62.26,-513.6
6.323,42.68,-515.6
6.340,24.36,-516.7
6.356,2.003,-517.5
6.373,-18.63,-517.4
6.390,-35.26,-516.7
6.406,-56.54,-515.4
6.423,-76.55,-513.3
6.440,-94.69,-510.5
6.456,-111.0,-508.1
6.473,-124.8,-504.7
6.490,-139.3,-501.5
6.506,-154.3,-498.2
6.523,-165.3,-495.1
6.540,-172.8,-491.6
6.557,-181.3,-489.2
6.573,-187.7,-487.2
6.590,-191.8,-485.4
6.607,-194.5,-484.4
6.623,-195.9,-484.1
6.640,-194.9,-484.4
6.657,-193.1,-485.2
6.673,-189.2,-486.5
6.690,-183.5,-488.8
6.707,-177.2,-491.2
6.723,-168.9,-494.1
6.740,-158.3,-497.5
6.757,-145.9,-500.3
6.773,-133.5,-504.1
6.790,-118.8,-507.2
6.807,-103.2,-510.2
6.823,-85.62,-512.7
6.840,-68.52,-514.9
6.857,-52.03,-517.1
6.874,-33.46,-518.3
6.890,-13.57,-518.5
6.907,4.672,-518.2
6.924,24.78,-517.6
6.940,47.04,-515.7
6.957,64.63,-513.7
6.974,77.13,-511.3
6.990,99.65,-507.7
7.007,112.5,-504.4
7.024,128.4,-500.6
7.040,142.3,-496.6
7.057,152.1,-493.3
7.074,166.0,-489.6
7.090,173.8,-486.5
7.107,182.1,-483.7
7.124,186.7,-481.2
7.140,192.8,-479.4
7.157,195.1,-478.1
7.174,197.1,-477.8
7.191,197.1,-477.8
7.207,194.8,-478.5
7.224,189.4,-480.2
7.241,184.7,-482.3
7.257,177.3,-485.0
7.274,168.5,-488.2
7.291,159.2,-491.5
7.307,148.6,-495.3
7.324,136.0,-498.7
7.341,121.8,-502.5
7.357,105.1,-506.1
7.374,90.49,-509.4
7.391,73.52,-512.4
7.407,57.08,-514.4
7.424,37.23,-516.1
7.441,19.43,-517.2
7.457,7.589,-517.6
7.474,-20.15,-518.2
7.491,-36.15,-517.5
7.508,-54.52,-516.3
7.524,-69.73,-514.7
7.541,-87.69,-512.5
7.558,-103.4,-510.2
7.574,-116.6,-507.3
7.591,-129.4,-504.6
7.608,-141.5,-501.5
7.624,-153.2,-499.0
7.641,-161.7,-496.4
7.658,-169.1,-494.3
7.674,-174.8,-492.4
7.691,-179.2,-491.2
7.708,-181.8,-490.1
7.724,-181.7,-489.8
7.741,-182.3,-490.0
7.758,-180.3,-491.1
7.774,-176.6,-492.0
7.791,-170.3,-493.9
7.808,-164.3,-495.7
7.824,-155.8,-498.3
7.841,-147.2,-501.1
7.858,-134.9,-503.7
7.875,-121.4,-506.5
7.891,-109.5,-509.1
7.908,-94.88,-511.3
7.925,-78.83,-514.2
7.941,-62.40,-515.7
7.958,-46.96,-517.1
7.975,-30.04,-518.1
7.991,-11.61,-518.4
8.008,4.892,-518.4
8.025,23.75,-517.5
8.041,41.41,-516.1
8.058,59.03,-514.3
8.075,72.30,-512.2
8.091,89.13,-509.6
8.108,104.0,-506.5
8.125,117.5,-503.3
8.141,129.0,-500.1
8.158,140.4,-497.2
8.175,152.4,-493.7
8.192,160.0,-491.1
8.208,167.6,-488.6
8.225,173.2,-486.8
8.242,177.5,-484.8
8.258,179.7,-484.0
8.275,180.7,-483.6
8.292,180.3,-483.9
8.308,178.5,-484.5
8.325,174.9,-485.8
8.342,169.5,-487.7
8.358,163.5,-489.7
8.375,155.5,-492.4
8.392,145.9,-495.5
8.408,135.3,-498.4
8.425,124.4,-501.6
8.442,111.0,-504.8
8.458,96.87,-507.4
8.475,81.43,-510.4
8.492,66.89,-512.7
8.508,50.80,-514.8
8.525,34.57,-516.4
8.542,19.20,-517.7
8.559,-0.741,-518.4
8.575,-18.36,-518.3
8.592,-33.46,-517.6
8.609,-48.75,-516.6
8.625,-65.60,-515.2
8.642,-76.89,-512.6
8.659,-90.02,-510.8
8.675,-108.4,-508.5
8.692,-115.9,-504.9
8.709,-127.2,-502.6
8.725,-134.7,-500.3
8.742,-143.7,-498.0
8.759,-150.0,-496.2
8.775,-155.4,-494.8
8.792,-159.2,-493.5
8.809,-161.5,-492.9
8.825,-162.8,-492.8
8.842,-161.6,-493.2
8.859,-160.1,-493.5
8.876,-156.4,-494.8
8.892,-150.5,-496.3
8.909,-144.3,-497.9
8.926,-135.9,-500.0
8.942,-126.5,-502.2
8.959,-115.4,-504.3
8.976,-106.4,-506.6
8.992,-92.09,-509.0
9.009,-78.81,-511.2
9.026,-64.96,-512.9
9.042,-50.16,-514.1
9.059,-35.46,-515.8
9.076,-20.98,-516.6
9.092,-5.019,-516.8
9.109,10.44,-516.6
9.126,27.56,-515.8
9.142,45.07,-513.9
9.159,57.79,-512.7
9.176,71.43,-510.7
9.193,84.63,-508.7
9.209,100.5,-505.8
9.226,114.2,-502.9
9.243,127.5,-500.2
9.259,137.7,-497.1
9.276,143.1,-494.7
9.293,150.9,-492.8
9.309,157.5,-490.6
9.326,163.7,-489.0
9.343,167.3,-488.0
9.359,170.9,-487.2
9.376,171.3,-487.1
9.393,171.5,-487.3
9.409,168.3,-488.1
9.426,164.8,-489.0
9.443,159.2,-491.0
9.459,152.7,-493.0
9.476,146.1,-495.2
9.493,136.3,-497.9
9.509,126.0,-500.6
9.526,116.9,-503.2
9.543,103.4,-506.0
9.560,88.46,-509.0
9.576,76.29,-511.1
9.593,62.10,-513.1
9.610,44.96,-514.8
9.626,31.63,-515.8
9.643,15.30,-516.9
9.660,-3.119,-517.7
9.676,-15.42,-516.8
9.693,-27.31,-516.0
9.710,-42.71,-515.1
9.726,-58.20,-513.9
9.743,-75.55,-512.8
9.760,-86.77,-510.9
9.776,-97.23,-508.9
9.793,-107.4,-506.9
9.810,-116.8,-505.0
9.826,-124.0,-503.1
9.843,-131.8,-501.1
9.860,-138.1,-499.9
9.877,-143.9,-498.8
9.893,-146.5,-498.0
9.910,-146.0,-497.2
9.927,-147.3,-497.0
9.943,-145.5,-497.2
9.960,-144.9,-497.9
9.977,-141.2,-498.9
9.993,-134.4,-500.3
10.010,-131.3,-501.6
10.027,-122.5,-504.0
10.043,-114.7,-505.7
10.060,-104.7,-507.8
10.077,-91.79,-509.1
10.093,-80.72,-511.0
10.110,-69.61,-513.0
10.127,-54.22,-513.8
10.143,-40.61,-514.9
10.160,-27.92,-515.9
10.177,-11.48,-516.1
10.194,4.109,-516.1
10.210,17.56,-516.0
10.227,33.42,-515.1
10.244,46.70,-514.0
10.260,59.20,-512.9
10.277,72.44,-510.9
10.294,85.61,-508.7
10.310,98.23,-506.8
10.327,111.3,-504.3
10.344,119.0,-501.9
10.360,127.7,-499.9
10.377,135.5,-498.0
10.394,142.9,-496.0
10.410,147.2,-494.6
10.427,151.3,-493.7
10.444,154.1,-492.7
10.460,157.5,-492.2
10.477,157.5,-492.2
10.494,154.5,-492.9
10.511,154.1,-493.1
10.527,148.4,-494.6
10.544,143.7,-495.9
10.561,138.9,-497.9
10.577,130.7,-499.8
10.594,123.4,-502.1
10.611,115.4,-504.2
10.627,101.9,-506.7
10.644,88.77,-508.8
10.661,76.92,-510.9
10.677,64.31,-512.9
10.694,53.17,-514.1
10.711,40.69,-515.1
10.727,25.95,-516.0
10.744,10.42,-517.0
10.761,-2.453,-517.0
10.777,-18.81,-516.7
10.794,-31.11,-516.0
10.811,-43.77,-515.1
10.827,-56.58,-514.1
10.844,-71.23,-512.7
10.861,-80.96,-511.1
10.878,-90.94,-509.2
10.894,-101.2,-507.8
10.911,-109.1,-506.0
10.928,-117.9,-504.6
10.944,-122.3,-503.2
10.961,-127.3,-501.9
10.978,-130.2,-501.1
10.994,-132.5,-500.1
11.011,-133.9,-500.1
11.028,-133.8,-500.1
11.044,-131.6,-500.3
11.061,-130.5,-501.0
11.078,-126.9,-501.9
11.094,-120.5,-503.2
11.111,-116.7,-504.8
11.128,-108.1,-506.0
11.144,-101.0,-507.8
11.161,-90.06,-509.1
11.178,-81.23,-510.8
11.195,-67.90,-512.1
11.211,-54.87,-513.1
11.228,-41.79,-514.2
11.245,-29.81,-515.0
11.261,-18.75,-515.8
11.278,-5.402,-515.8
11.295,9.238,-515.8
11.311,23.49,-515.1
11.328,37.38,-514.2
11.345,49.95,-513.0
11.361,61.64,-511.8
11.378,72.11,-510.8
11.395,83.05,-508.8
11.411,94.08,-506.7
11.428,103.4,-504.9
11.445,112.9,-503.0
11.461,121.6,-501.2
11.478,126.5,-499.8
11.495,134.3,-498.2
11.511,138.1,-497.0
11.528,142.3,-496.2
11.545,142.6,-495.9
11.562,143.2,-495.8
11.578,143.0,-496.0
11.595,143.1,-496.1
11.612,139.6,-497.0
11.628,136.3,-498.2
11.645,128.7,-499.6
11.662,125.5,-501.2
11.678,117.4,-503.0
11.695,108.6,-504.7
11.712,99.20,-506.6
11.728,88.69,-508.8
11.745,80.89,-510.3
11.762,68.55,-512.1
11.778,57.57,-513.2
11.795,43.08,-514.6
11.812,33.44,-515.3
11.828,18.26,-515.9
11.845,0.975,-516.6
11.862,-12.36,-516.7
11.879,-24.82,-516.7
11.895,-34.78,-516.0
11.912,-46.16,-515.0
11.929,-59.49,-513.8
11.945,-70.66,-512.6
11.962,-79.81,-511.6
11.979,-88.12,-510.1
11.995,-98.97,-508.8
12.012,-106.1,-507.6
12.029,-110.0,-506.3
12.045,-116.0,-505.1
12.062,-118.8,-504.2
12.079,-120.0,-503.3
12.095,-123.3,-502.9
12.112,-123.4,-502.8
12.129,-122.8,-502.9
12.145,-119.9,-503.3
12.162,-117.5,-504.1
12.179,-114.9,-504.8
12.196,-109.5,-505.9
12.212,-103.5,-507.1
12.229,-94.29,-508.2
12.246,-87.77,-509.6
12.262,-77.85,-511.0
12.279,-67.90,-512.1
12.296,-55.95,-513.0
12.312,-43.77,-514.1
12.329,-34.15,-514.9
12.346,-20.95,-515.1
12.362,-10.86,-515.8
12.379,1.521,-515.8
12.396,17.31,-515.1
12.412,27.49,-514.8
12.429,39.59,-513.8
12.446,51.68,-512.8
12.462,62.51,-511.8
12.479,72.79,-510.6
12.496,83.58,-508.9
12.512,95.36,-507.2
12.529,104.2,-505.2
12.546,110.8,-503.9
12.563,115.8,-502.7
12.579,119.6,-501.7
12.596,123.9,-500.7
12.613,127.6,-499.9
12.629,131.1,-499.3
12.646,131.9,-499.0
12.663,132.0,-499.0
12.679,131.7,-499.2
12.696,128.9,-499.9
12.713,125.6,-500.8
12.729,121.6,-501.8
12.746,115.9,-503.0
12.763,109.8,-504.5
12.779,103.4,-506.4
12.796,94.83,-507.8
12.813,86.74,-509.3
12.829,76.74,-510.9
12.846,67.01,-512.3
12.863,55.54,-513.7
12.880,44.33,-514.8
12.896,32.98,-515.8
12.913,19.60,-516.7
12.930,9.350,-516.8
12.946,-3.256,-517.0
12.963,-15.17,-517.0
12.980,-24.67,-516.2
12.996,-37.98,-515.9
13.013,-48.82,-515.0
13.030,-57.07,-514.0
13.046,-67.01,-513.0
13.063,-75.53,-512.0
13.080,-85.53,-510.7
13.096,-92.27,-509.7
13.113,-98.00,-508.8
13.130,-102.9,-507.8
13.146,-106.0,-507.0
13.163,-108.0,-506.1
13.180,-108.5,-505.3
13.197,-109.3,-505.1
13.213,-109.0,-505.2
13.230,-110.7,-505.7
13.247,-107.6,-506.0
13.263,-105.5,-506.8
13.280,-100.1,-507.7
13.297,-92.37,-508.2
13.313,-85.95,-509.2
13.330,-78.34,-510.1
13.347,-70.12,-511.1
13.363,-61.77,-512.2
13.380,-50.59,-513.2
13.397,-42.14,-514.0
13.413,-32.11,-514.8
13.430,-21.32,-515.0
13.447,-9.803,-515.2
13.463,4.210E-2,-515.8
13.480,14.06,-515.1
13.497,24.19,-515.0
13.514,35.51,-514.1
13.530,46.98,-513.1
13.547,58.20,-512.2
13.564,67.51,-511.2
13.580,75.92,-510.0
13.597,84.04,-508.8
13.614,91.48,-507.7
13.630,100.2,-506.2
13.647,106.3,-505.1
13.664,111.2,-504.0
13.680,116.2,-503.1
13.697,120.0,-502.2
13.714,121.9,-501.9
13.730,122.6,-501.7
13.747,123.1,-501.8
13.764,122.7,-501.8
13.780,122.3,-502.2
13.797,118.8,-502.9
13.814,113.9,-503.7
13.830,110.1,-504.9
13.847,104.9,-505.9
13.864,99.55,-507.2
13.881,89.85,-508.7
13.897,84.25,-510.1
13.914,76.22,-511.3
13.931,64.47,-512.7
13.947,56.19,-513.9
13.964,46.34,-514.9
13.981,36.15,-515.7
13.997,26.49,-516.3
14.014,16.44,-516.3
14.031,6.194,-516.1
14.047,-11.15,-516.8
14.064,-16.64,-516.2
14.081,-29.60,-515.9
14.097,-36.36,-515.1
14.114,-46.94,-514.1
14.131,-54.09,-513.1
14.147,-61.98,-512.1
14.164,-68.94,-511.1
14.181,-75.93,-510.1
14.198,-80.20,-509.1
14.214,-85.49,-508.1
14.231,-91.34,-507.8
14.248,-94.08,-507.0
14.264,-97.99,-506.7
14.281,-99.27,-506.7
14.298,-96.41,-506.2
14.314,-95.28,-506.1
14.331,-94.95,-506.8
14.348,-90.46,-507.3
14.364,-88.05,-507.9
14.381,-84.55,-508.9
14.398,-76.05,-509.2
14.414,-70.23,-510.0
14.431,-63.31,-511.0
14.448,-56.09,-512.0
14.464,-46.80,-512.9
14.481,-36.05,-513.1
14.498,-27.78,-514.1
14.514,-20.31,-514.7
14.531,-9.735,-515.0
14.548,2.206,-515.0
14.565,10.92,-514.9
14.581,20.88,-514.9
14.598,32.39,-514.3
14.615,40.38,-513.9
14.631,50.59,-513.0
14.648,60.27,-512.0
14.665,68.83,-511.1
14.681,77.01,-510.1
14.698,83.94,-509.0
14.715,90.96,-508.0
14.731,95.58,-507.0
14.748,101.9,-506.2
14.765,103.3,-505.7
14.781,107.2,-504.9
14.798,111.0,-504.1
14.815,111.6,-503.9
14.831,112.2,-504.0
14.848,111.9,-504.0
14.865,109.3,-504.6
14.882,108.2,-505.0
14.898,104.3,-505.9
14.915,99.87,-506.6
14.932,95.17,-507.7
14.948,90.07,-508.9
14.965,83.44,-510.0
14.982,77.59,-511.1
14.998,70.64,-512.1
15.015,62.88,-513.2
15.032,54.00,-514.1
15.048,44.93,-515.0
15.065,37.11,-515.2
15.082,24.14,-516.0
15.098,17.06,-516.1
15.115,7.560,-516.0
15.132,-1.852,-516.1
15.148,-12.54,-516.2
15.165,-22.52,-516.0
15.182,-32.49,-515.7
15.199,-40.40,-515.0
15.215,-48.07,-514.1
15.232,-54.79,-513.2
15.249,-64.01,-512.8
15.265,-69.10,-511.9
15.282,-74.30,-510.8
15.299,-77.43,-510.0
15.315,-79.90,-509.2
15.332,-83.74,-509.0
15.349,-87.35,-508.7
15.365,-89.47,-508.8
15.382,-89.87,-508.8
15.399,-89.18,-508.8
15.415,-86.67,-509.1
15.432,-82.64,-509.2
15.449,-81.63,-509.8
15.465,-75.09,-510.1
15.482,-71.88,-510.9
15.499,-67.40,-511.7
15.515,-58.92,-512.0
15.532,-53.15,-512.9
15.549,-45.53,-513.8
15.566,-35.81,-514.1
15.582,-29.67,-514.7
15.599,-19.05,-515.1
15.616,-9.291,-515.0
15.632,-2.191,-515.8
15.649,6.526,-515.9
15.666,16.20,-515.7
15.682,27.69,-515.0
15.699,35.06,-514.8
15.716,45.10,-514.1
15.732,54.19,-513.1
15.749,62.66,-512.1
15.766,66.69,-511.7
15.782,73.91,-510.9
15.799,80.90,-510.0
15.816,87.61,-509.1
15.832,89.45,-508.7
15.849,94.50,-507.9
15.866,99.18,-507.2
15.883,100.2,-507.1
15.899,100.9,-506.9
15.916,101.5,-507.0
15.933,101.7,-507.0
15.949,101.8,-507.1
15.966,98.73,-507.8
15.983,97.41,-508.2
15.999,92.25,-508.9
16.016,87.97,-509.8
16.033,84.96,-510.2
16.049,76.95,-511.8
16.066,70.32,-512.7
16.083,65.96,-513.2
16.099,57.72,-514.0
16.116,50.09,-515.0
16.133,40.64,-515.7
16.149,34.75,-516.1
16.166,23.12,-516.8
16.183,15.82,-516.9
16.200,7.177,-517.0
16.216,-2.315,-517.0
16.233,-11.05,-517.0
16.250,-20.38,-516.9
16.266,-27.12,-516.1
16.283,-38.17,-515.7
16.300,-43.04,-515.0
16.316,-48.09,-514.1
16.333,-57.50,-513.9
16.350,-62.26,-513.0
16.366,-66.17,-512.1
16.383,-72.96,-511.7
16.400,-74.34,-510.9
16.416,-78.75,-510.9
16.433,-78.15,-510.0
16.450,-80.33,-509.9
16.466,-80.30,-509.9
16.483,-79.84,-510.0
16.500,-78.26,-509.9
16.517,-74.67,-510.3
16.533,-73.81,-510.8
16.550,-69.08,-510.9
16.567,-66.04,-511.8
16.583,-61.43,-512.6
16.600,-54.61,-512.9
16.617,-48.04,-513.6
16.633,-40.24,-514.1
16.650,-34.79,-514.7
16.667,-25.82,-515.0
16.683,-16.96,-515.2
16.700,-11.04,-515.7
16.717,-2.755,-516.0
16.733,5.328,-515.9
16.750,13.69,-515.8
16.767,22.69,-515.8
16.783,32.76,-515.0
16.800,38.11,-514.8
16.817,47.86,-513.9
16.833,56.57,-513.1
16.850,61.35,-512.9
16.867,67.72,-512.0
16.884,74.81,-511.1
16.900,77.56,-510.8
16.917,83.04,-510.1
16.934,85.35,-509.8
16.950,87.67,-509.6
16.967,90.50,-509.1
16.984,91.57,-508.8
17.000,92.19,-508.9
17.017,91.86,-508.8
17.034,91.54,-509.1
17.050,89.05,-509.6
17.067,86.64,-509.8
17.084,84.86,-510.2
17.100,80.89,-511.1
17.117,75.56,-512.0
17.134,69.84,-512.8
17.150,66.53,-513.2
17.167,58.61,-513.9
17.184,51.04,-514.7
17.201,46.20,-515.2
17.217,36.81,-515.8
17.234,30.91,-516.1
17.251,20.97,-516.9
17.267,13.39,-517.0
17.284,5.829,-517.0
17.301,-2.208,-517.0
17.317,-10.83,-516.9
17.334,-18.94,-516.7
17.351,-25.88,-516.0
17.367,-33.08,-515.7
17.384,-37.87,-515.1
17.401,-45.41,-514.7
17.417,-50.61,-514.1
17.434,-57.66,-513.7
17.451,-60.25,-513.0
17.467,-62.80,-512.3
17.484,-67.76,-512.1
17.501,-70.54,-511.8
17.517,-69.93,-511.3
17.534,-72.13,-511.0
17.551,-72.12,-511.0
17.568,-71.47,-511.1
17.584,-69.99,-511.1
17.601,-67.84,-511.2
17.618,-66.29,-511.6
17.634,-61.66,-512.1
17.651,-59.08,-512.6
17.668,-53.00,-513.1
17.684,-47.60,-513.3
17.701,-42.24,-514.0
17.718,-35.45,-514.3
17.734,-29.24,-514.8
17.751,-22.44,-515.0
17.768,-13.60,-515.2
17.784,-8.277,-515.6
17.801,-0.200,-515.7
17.818,7.006,-515.8
17.834,14.29,-515.9
17.851,24.00,-515.2
17.868,30.83,-515.0
17.885,36.69,-514.8
17.901,45.10,-514.2
17.918,53.25,-513.2
17.935,57.57,-512.8
17.951,61.74,-512.7
17.968,67.90,-512.0
17.985,74.71,-511.1
18.001,75.94,-510.9
18.018,81.65,-510.1
18.035,83.22,-510.0
18.051,84.03,-509.9
18.068,83.56,-509.8
18.085,84.35,-509.9
18.101,84.46,-509.9
18.118,84.87,-510.1
18.135,84.17,-510.2
18.151,80.25,-510.9
18.168,78.95,-511.2
18.185,74.68,-511.8
18.202,71.12,-512.2
18.218,64.89,-512.9
18.235,58.33,-513.8
18.252,54.76,-514.0
18.268,47.79,-514.9
18.285,39.48,-515.8
18.302,34.66,-515.9
18.318,29.16,-516.2
18.335,18.47,-516.7
18.352,11.58,-516.8
18.368,4.750,-516.9
18.385,-3.071,-517.0
18.402,-10.66,-516.9
18.418,-18.25,-516.9
18.435,-22.82,-516.2
18.452,-30.45,-516.0
18.468,-37.10,-515.5
18.485,-42.34,-515.0
18.502,-46.02,-514.1
18.518,-52.04,-513.9
18.535,-57.13,-513.6
18.552,-58.83,-513.0
18.569,-62.17,-512.7
18.585,-64.71,-512.6
18.602,-63.96,-512.2
18.619,-64.62,-512.2
18.635,-64.76,-512.1
18.652,-64.75,-511.9
18.669,-62.84,-512.1
18.685,-60.79,-512.1
18.702,-59.57,-512.8
18.719,-55.25,-513.0
18.735,-50.86,-513.1
18.752,-48.30,-513.7
18.769,-41.57,-514.1
18.785,-38.21,-514.8
18.802,-31.35,-515.0
18.819,-24.52,-515.2
18.835,-20.29,-515.6
18.852,-12.99,-515.9
18.869,-6.363,-515.9
18.886,1.069,-515.9
18.902,9.741,-516.0
18.919,15.56,-515.9
18.936,22.03,-515.7
18.952,31.90,-515.1
18.969,36.58,-515.0
18.986,39.99,-514.8
19.002,48.47,-514.1
19.019,52.51,-514.0
19.036,59.81,-513.1
19.052,62.95,-512.8
19.069,65.54,-512.8
19.086,69.85,-511.9
19.102,72.36,-511.9
19.119,76.96,-511.1
19.136,78.72,-511.0
19.152,79.75,-511.0
19.169,79.85,-511.0
19.186,80.19,-511.2
19.203,79.28,-511.2
19.219,74.46,-511.9
19.236,73.96,-511.9
19.253,72.76,-512.2
19.269,68.05,-512.9
19.286,65.29,-513.2
19.303,59.40,-513.9
19.319,55.65,-514.1
19.336,48.89,-514.9
19.353,44.66,-515.0
19.369,37.07,-515.8
19.386,32.96,-516.0
19.403,26.42,-516.2
19.419,16.09,-516.8
19.436,9.549,-517.0
19.453,3.806,-517.0
19.469,-2.722,-517.0
19.486,-9.664,-516.9
19.503,-16.28,-516.7
19.520,-19.71,-516.2
19.536,-26.94,-515.9
19.553,-33.24,-515.6
19.570,-35.37,-515.0
19.586,-42.28,-514.9
19.603,-47.28,-514.7
19.620,-48.87,-514.1
19.636,-52.50,-514.0
19.653,-56.20,-513.6
19.670,-55.82,-513.2
19.686,-56.84,-513.1
19.703,-58.11,-512.9
19.720,-57.72,-513.0
19.736,-57.15,-512.9
19.753,-55.54,-513.0
19.770,-53.34,-513.1
19.786,-49.64,-513.3
19.803,-46.51,-513.3
19.820,-44.28,-513.8
19.836,-39.26,-514.1
19.853,-33.93,-514.2
19.870,-31.63,-514.8
19.887,-25.45,-515.0
19.903,-19.04,-515.0
19.920,-12.10,-515.2
19.937,-8.553,-515.7
19.953,-2.155,-515.8
19.970,4.264,-515.9
19.987,10.59,-515.9
20.003,16.77,-515.7
20.020,22.41,-515.7
20.037,30.30,-515.1
20.053,35.94,-515.0
20.070,40.16,-514.9
20.087,44.44,-514.6
20.103,50.78,-514.1
20.120,53.55,-513.8
20.137,58.92,-513.1
20.153,62.04,-513.0
20.170,63.52,-512.9
20.187,68.19,-512.2
20.204,69.84,-512.1
20.220,71.20,-512.1
20.237,71.62,-512.1
20.254,72.03,-512.1
20.270,68.95,-512.7
20.287,67.94,-512.8
20.304,66.83,-512.9
20.320,66.18,-513.1
20.337,61.07,-513.7
20.354,59.81,-514.1
20.370,53.71,-514.7
20.387,51.10,-515.0
20.404,47.95,-515.1
20.420,40.67,-515.8
20.437,36.89,-516.0
20.454,33.43,-516.3
20.470,27.62,-516.1
20.487,19.20,-516.8
20.504,13.73,-516.9
20.520,7.514,-516.9
20.537,1.937,-517.0
20.554,-4.247,-516.9
20.571,-10.69,-516.9
20.587,-17.02,-516.8
20.604,-23.05,-516.6
20.621,-26.32,-516.0
20.637,-31.40,-515.8
20.654,-37.20,-515.6
20.671,-38.60,-515.2
20.687,-43.64,-514.8
20.704,-46.59,-514.9
20.721,-46.87,-514.3
20.737,-49.44,-514.0
20.754,-51.20,-513.8
20.771,-51.98,-513.9
20.787,-52.11,-513.9
20.804,-51.77,-513.9
20.821,-50.89,-513.9
20.837,-49.50,-513.9
20.854,-46.62,-514.2
20.871,-43.16,-514.3
20.888,-40.01,-514.2
20.904,-38.65,-514.7
20.921,-33.25,-515.1
20.938,-28.47,-515.2
20.954,-23.29,-515.2
20.971,-20.64,-515.7
20.988,-14.66,-516.0
21.004,-9.639,-516.0
21.021,-2.623,-516.1
21.038,1.735,-515.9
21.054,7.673,-516.0
21.071,13.20,-515.9
21.088,17.75,-515.8
21.104,22.80,-515.8
21.121,31.28,-515.2
21.138,35.68,-515.0
21.154,39.24,-514.9
21.171,42.99,-514.8
21.188,49.13,-514.2
21.205,52.11,-514.1
21.221,54.52,-514.0
21.238,56.36,-513.8
21.255,58.44,-513.7
21.271,62.40,-513.2
21.288,63.59,-513.0
21.305,63.96,-513.0
21.321,64.30,-513.1
21.338,63.94,-513.0
21.355,63.95,-513.1
21.371,60.55,-513.7
21.388,59.25,-513.9
21.405,57.97,-514.0
21.421,56.22,-514.2
21.438,51.57,-514.8
21.455,48.73,-515.0
21.471,43.39,-515.8
21.488,39.58,-515.9
21.505,36.01,-516.1
21.521,29.86,-516.7
21.538,24.33,-517.0
21.555,18.94,-516.9
21.572,15.00,-516.9
21.588,9.906,-516.8
21.605,5.168,-517.1
21.622,-1.331,-516.9
21.638,-6.132,-516.9
21.655,-11.57,-517.0
21.672,-17.49,-516.7
21.688,-19.83,-516.2
21.705,-24.65,-516.0
21.722,-30.72,-515.8
21.738,-34.73,-515.6
21.755,-35.01,-515.1
21.772,-39.87,-514.9
21.788,-43.00,-514.7
21.805,-44.95,-514.5
21.822,-45.57,-514.4
21.838,-46.45,-514.2
21.855,-47.05,-514.1
21.872,-47.00,-514.1
21.889,-46.28,-514.1
21.905,-45.07,-514.0
21.922,-43.63,-514.1
21.939,-41.34,-514.2
21.955,-38.73,-514.5
21.972,-35.93,-514.6
21.989,-32.50,-515.0
22.005,-28.35,-515.1
22.022,-24.24,-515.1
22.039,-19.69,-515.4
22.055,-15.09,-515.6
22.072,-10.51,-515.8
22.089,-5.690,-516.0
22.105,-0.864,-516.1
22.122,4.356,-516.1
22.139,9.862,-516.1
22.155,14.79,-516.0
22.172,19.54,-516.0
22.189,23.78,-516.0
22.206,28.70,-515.7
22.222,34.40,-515.2
22.239,38.25,-515.2
22.256,42.13,-514.9
22.272,45.04,-514.7
22.289,48.09,-514.6
22.306,50.51,-514.6
22.322,54.10,-514.3
22.339,55.60,-514.0
22.356,56.67,-513.9
22.372,57.72,-514.0
22.389,58.16,-514.0
22.406,58.12,-514.0
22.422,57.78,-514.1
22.439,57.80,-514.3
22.456,56.45,-514.3
22.472,53.12,-514.6
22.489,50.49,-514.9
22.506,48.27,-515.1
22.523,45.76,-515.2
22.539,41.44,-515.7
22.556,37.96,-515.9
22.573,34.26,-516.1
22.589,30.92,-516.2
22.606,26.52,-516.3
22.623,19.51,-516.7
22.639,15.22,-516.6
22.656,12.63,-516.3
22.673,6.432,-516.0
22.689,1.713,-515.8
22.706,-3.037,-515.9
22.723,-6.973,-515.3
22.739,-11.45,-515.0
22.756,-15.77,-514.6
22.773,-19.67,-514.4
22.789,-22.89,-513.9
22.806,-26.47,-513.5
22.823,-29.92,-513.3
22.839,-32.14,-513.0
22.856,-33.98,-512.9
22.873,-35.69,-512.9
22.890,-36.69,-512.7
