,mass A,,
t,x,y,
0.000,-179.4,-549.4
0.017,-172.9,-551.0
0.033,-166.9,-553.5
0.050,-159.3,-555.7
0.067,-150.8,-558.0
0.083,-141.6,-560.6
0.100,-131.3,-563.1
0.117,-120.1,-566.0
0.134,-108.5,-568.8
0.150,-95.32,-571.2
0.167,-82.07,-573.3
0.184,-68.76,-575.4
0.200,-54.66,-577.1
0.217,-40.21,-578.2
0.234,-24.91,-579.4
0.250,-10.59,-579.8
0.267,6.163,-580.0
0.284,21.07,-579.5
0.300,36.03,-578.5
0.317,52.18,-578.1
0.334,66.60,-576.4
0.351,82.21,-575.1
0.367,95.79,-572.7
0.384,110.2,-570.4
0.401,124.3,-567.5
0.417,136.7,-564.7
0.434,149.5,-562.1
0.451,160.9,-559.3
0.467,172.1,-556.0
0.484,181.8,-553.1
0.501,191.2,-550.1
0.517,199.0,-547.5
0.534,206.9,-545.1
0.551,212.9,-542.9
0.568,218.4,-541.0
0.584,222.5,-539.6
0.601,225.4,-538.2
0.618,227.8,-537.3
0.634,228.8,-536.8
0.651,228.8,-536.7
0.668,227.7,-536.9
0.684,225.6,-537.8
0.701,222.8,-538.9
0.718,218.5,-540.6
0.734,213.3,-542.6
0.751,206.9,-544.7
0.768,200.1,-547.0
0.785,192.1,-550.0
0.801,182.9,-553.2
0.818,173.0,-556.0
0.835,162.2,-559.2
0.851,150.4,-562.1
0.868,138.4,-565.2
0.885,125.0,-567.7
0.901,112.4,-570.6
0.918,98.45,-572.7
0.935,83.11,-574.8
0.951,68.54,-576.5
0.968,52.78,-577.7
0.985,39.33,-579.0
1.002,22.42,-579.5
1.018,8.627,-580.0
1.035,-6.665,-580.1
1.052,-22.41,-579.5
1.068,-37.12,-578.4
1.085,-51.39,-577.2
1.102,-66.83,-575.5
1.118,-80.43,-573.7
1.135,-93.16,-571.5
1.152,-104.8,-569.0
1.169,-117.3,-566.6
1.185,-127.7,-564.1
1.202,-137.8,-561.4
1.219,-146.6,-559.1
1.235,-155.4,-556.6
1.252,-162.8,-554.3
1.269,-169.1,-552.4
1.285,-175.1,-550.6
1.302,-179.5,-549.0
1.319,-183.4,-547.7
1.335,-185.9,-546.6
1.352,-187.5,-546.1
1.369,-188.2,-545.9
1.386,-187.6,-546.1
1.402,-186.2,-546.5
1.419,-183.9,-547.4
1.436,-180.5,-548.6
1.452,-175.9,-549.8
1.469,-170.7,-551.6
1.486,-164.2,-553.5
1.502,-157.1,-555.5
1.519,-148.9,-558.1
1.536,-139.9,-560.3
1.552,-129.6,-563.2
1.569,-118.8,-565.4
1.586,-107.2,-567.7
1.603,-95.60,-569.6
1.619,-82.32,-571.7
1.636,-69.25,-573.6
1.653,-55.23,-575.3
1.669,-41.52,-576.8
1.686,-26.67,-577.7
1.703,-10.96,-577.9
1.719,4.467,-578.6
1.736,19.96,-578.4
1.753,35.66,-577.9
1.769,50.73,-577.0
1.786,65.09,-575.5
1.803,80.08,-574.0
1.820,94.59,-572.1
1.836,108.2,-570.1
1.853,121.5,-567.6
1.870,134.3,-564.7
1.886,145.6,-561.8
1.903,158.2,-559.1
1.920,168.7,-556.3
1.936,177.9,-553.5
1.953,186.9,-550.5
1.970,194.9,-547.6
1.986,202.3,-545.2
2.003,208.8,-542.9
2.020,214.0,-541.0
2.037,218.4,-539.4
2.053,221.7,-538.2
2.070,223.9,-537.2
2.087,225.3,-536.7
2.103,225.6,-536.6
2.120,225.0,-536.7
2.137,223.0,-537.4
2.153,219.8,-538.5
2.170,216.4,-540.0
2.187,211.3,-541.8
2.203,205.7,-543.8
2.220,199.0,-546.0
2.237,191.0,-548.6
2.254,182.1,-551.4
2.270,172.7,-554.5
2.287,162.4,-557.4
2.304,151.1,-560.2
2.320,138.9,-563.0
2.337,125.6,-565.8
2.354,112.7,-568.2
2.370,98.75,-570.6
2.387,84.92,-572.5
2.404,70.14,-574.5
2.420,55.09,-575.7
2.437,40.06,-576.6
2.454,25.18,-577.6
2.471,9.759,-577.7
2.487,-6.059,-577.6
2.504,-20.22,-577.3
2.521,-34.84,-576.5
2.537,-48.97,-575.2
2.554,-64.31,-573.7
2.571,-78.20,-571.7
2.587,-91.15,-569.6
2.604,-103.4,-567.3
2.621,-114.5,-565.1
2.637,-126.2,-562.4
2.654,-136.0,-560.2
2.671,-145.7,-557.8
2.688,-154.3,-555.5
2.704,-161.7,-553.2
2.721,-168.1,-551.2
2.738,-174.1,-549.5
2.754,-179.0,-548.0
2.771,-182.7,-546.7
2.788,-185.3,-545.5
2.804,-187.1,-545.0
2.821,-187.7,-544.7
2.838,-187.5,-544.9
2.854,-186.2,-545.4
2.871,-184.1,-546.1
2.888,-181.0,-547.2
2.905,-176.6,-548.6
2.921,-171.3,-550.1
2.938,-164.9,-552.1
2.955,-157.7,-554.4
2.971,-149.8,-556.2
2.988,-141.1,-558.9
3.005,-131.6,-561.3
3.021,-120.6,-563.6
3.038,-108.5,-566.1
3.055,-96.98,-568.5
3.072,-84.91,-570.5
3.088,-71.78,-572.8
3.105,-58.04,-574.2
3.122,-44.31,-575.6
3.138,-30.06,-576.5
3.155,-14.72,-577.3
3.172,-0.496,-577.5
3.188,15.68,-577.5
3.205,31.29,-577.1
3.222,45.91,-576.4
3.238,60.96,-575.2
3.255,75.47,-573.9
3.272,89.56,-572.0
3.289,103.6,-569.7
3.305,118.3,-567.0
3.322,130.8,-564.8
3.339,143.2,-561.9
3.355,155.3,-559.0
3.372,165.5,-556.2
3.389,175.4,-553.5
3.405,184.6,-550.7
3.422,193.0,-547.8
3.439,200.2,-545.3
3.455,206.9,-543.1
3.472,212.3,-541.2
3.489,216.5,-539.7
3.506,220.5,-538.3
3.522,222.7,-537.2
3.539,224.3,-536.7
3.556,224.6,-536.6
3.572,224.1,-536.9
3.589,221.9,-537.3
3.606,219.2,-538.2
3.622,216.1,-539.8
3.639,211.2,-541.4
3.656,205.6,-543.4
3.672,198.7,-545.9
3.689,190.7,-548.4
3.706,182.3,-551.2
3.723,173.1,-553.9
3.739,163.3,-556.7
3.756,151.9,-559.7
3.773,139.6,-562.6
3.789,127.4,-565.3
3.806,114.1,-567.8
3.823,101.0,-569.9
3.839,86.83,-572.0
3.856,71.93,-573.9
3.873,57.33,-575.2
3.889,42.10,-576.5
3.906,27.08,-577.2
3.923,12.11,-577.6
3.940,-3.221,-577.4
3.956,-18.05,-577.3
3.973,-32.33,-576.5
3.990,-47.23,-575.1
4.006,-61.54,-573.6
4.023,-75.07,-571.9
4.040,-88.00,-569.9
4.056,-100.2,-568.0
4.073,-111.9,-566.0
4.090,-122.9,-563.7
4.106,-132.8,-561.0
4.123,-142.2,-558.6
4.140,-150.5,-556.4
4.157,-158.2,-554.2
4.173,-165.2,-552.2
4.190,-170.9,-550.4
4.207,-176.1,-548.7
4.223,-179.9,-547.4
4.240,-182.4,-546.5
4.257,-184.4,-545.9
4.273,-185.2,-545.7
4.290,-185.2,-545.6
4.307,-184.1,-545.8
4.323,-182.1,-546.5
4.340,-179.3,-547.6
4.357,-175.1,-548.8
4.374,-170.0,-550.4
4.390,-164.3,-552.1
4.407,-157.4,-554.4
4.424,-149.5,-556.5
4.440,-141.2,-558.9
4.457,-131.8,-561.1
4.474,-121.3,-563.6
4.490,-110.4,-566.0
4.507,-98.21,-568.2
4.524,-85.66,-570.5
4.540,-73.20,-572.3
4.557,-59.28,-573.9
4.574,-46.31,-575.7
4.591,-32.02,-576.5
4.607,-17.20,-577.2
4.624,-2.456,-577.6
4.641,11.88,-577.3
4.657,27.47,-577.2
4.674,42.60,-576.3
4.691,57.39,-575.4
4.707,72.79,-574.1
4.724,86.68,-572.3
4.741,100.5,-570.3
4.757,113.7,-567.8
4.774,127.3,-565.4
4.791,139.8,-562.9
4.808,151.4,-559.9
4.824,161.9,-557.4
4.841,171.9,-554.4
4.858,180.4,-551.9
4.874,189.6,-549.0
4.891,196.8,-546.6
4.908,203.3,-544.1
4.924,208.9,-542.1
4.941,213.2,-540.5
4.958,217.1,-539.2
4.975,219.8,-538.3
4.991,221.2,-537.6
5.008,221.8,-537.5
5.025,221.2,-537.5
5.041,220.1,-538.2
5.058,217.7,-539.2
5.075,214.2,-540.5
5.091,209.7,-542.0
5.108,204.2,-544.0
5.125,197.6,-546.3
5.141,190.4,-548.6
5.158,181.9,-551.3
5.175,173.1,-554.1
5.192,162.5,-557.0
5.208,152.1,-560.0
5.225,139.4,-562.8
5.242,127.4,-565.2
5.258,114.2,-567.7
5.275,100.6,-569.8
5.292,87.45,-572.2
5.308,72.83,-573.9
5.325,58.47,-575.5
5.342,43.18,-576.7
5.358,27.96,-577.5
5.375,13.07,-577.4
5.392,-2.567,-577.7
5.409,-16.58,-577.4
5.425,-31.44,-576.7
5.442,-45.95,-575.4
5.459,-60.04,-574.3
5.475,-73.86,-572.4
5.492,-86.90,-570.6
5.509,-98.63,-568.6
5.525,-110.1,-566.3
5.542,-120.9,-563.9
5.559,-131.8,-561.8
5.575,-140.7,-559.3
5.592,-149.0,-557.0
5.609,-156.8,-555.1
5.626,-163.4,-553.2
5.642,-169.7,-551.3
5.659,-174.5,-549.7
5.676,-178.5,-548.6
5.692,-181.2,-547.3
5.709,-183.2,-546.7
5.726,-184.3,-546.4
5.742,-184.3,-546.4
5.759,-183.3,-546.6
5.776,-181.6,-547.1
5.792,-178.5,-548.2
5.809,-174.6,-549.5
5.826,-169.8,-551.1
5.843,-164.2,-552.9
5.859,-157.1,-554.9
5.876,-149.5,-557.0
5.893,-141.0,-559.5
5.909,-132.2,-561.8
5.926,-121.6,-564.1
5.943,-109.9,-566.2
5.959,-98.25,-568.5
5.976,-86.96,-570.6
5.993,-73.88,-572.4
6.009,-60.24,-574.1
6.026,-47.14,-575.6
6.043,-33.31,-576.7
6.060,-18.46,-577.4
6.076,-3.951,-577.6
6.093,10.92,-577.7
6.110,26.17,-577.2
6.126,40.75,-576.5
6.143,55.61,-575.4
6.160,70.08,-574.1
6.176,83.87,-572.3
6.193,97.99,-570.3
6.210,111.6,-568.1
6.226,124.3,-565.8
6.243,136.8,-563.0
6.260,148.2,-560.4
6.277,158.9,-557.6
6.293,168.8,-554.8
6.310,178.4,-551.9
6.327,187.1,-549.2
6.343,194.9,-547.0
6.360,201.3,-544.8
6.377,206.8,-542.6
6.393,211.7,-540.9
6.410,215.2,-539.7
6.427,217.9,-538.6
6.443,219.7,-538.0
6.460,220.3,-537.9
6.477,220.1,-537.7
6.494,218.7,-538.3
6.510,216.4,-539.3
6.527,213.2,-540.5
6.544,208.9,-542.0
6.560,203.1,-544.0
6.577,196.5,-546.3
6.594,189.3,-548.6
6.610,181.5,-551.1
6.627,172.3,-554.2
6.644,162.6,-556.8
6.660,151.9,-559.3
6.677,139.9,-562.0
6.694,128.4,-565.0
6.711,115.7,-567.5
6.727,101.8,-569.7
6.744,88.40,-571.7
6.761,74.19,-573.5
6.777,59.99,-574.9
6.794,45.01,-576.3
6.811,29.93,-576.9
6.827,14.87,-577.6
6.844,0.243,-577.6
6.861,-13.75,-577.3
6.877,-28.55,-576.6
6.894,-42.65,-575.6
6.911,-56.90,-574.4
6.928,-70.42,-572.8
6.944,-82.88,-571.2
6.961,-95.08,-569.0
6.978,-107.3,-567.0
6.994,-118.4,-564.8
7.011,-128.7,-562.5
7.028,-137.6,-560.0
7.044,-146.3,-557.6
7.061,-154.1,-555.5
7.078,-160.7,-553.5
7.095,-166.5,-551.7
7.111,-171.6,-550.2
7.128,-175.3,-549.0
7.145,-178.3,-548.0
7.161,-180.2,-547.6
7.178,-181.6,-547.0
7.195,-181.5,-547.1
7.211,-180.7,-547.4
7.228,-178.9,-548.2
7.245,-176.3,-549.0
7.261,-172.6,-550.2
7.278,-167.8,-551.8
7.295,-162.1,-553.4
7.312,-155.6,-555.3
7.328,-148.2,-557.4
7.345,-140.1,-559.6
7.362,-130.9,-561.8
7.378,-121.2,-564.0
7.395,-109.9,-566.3
7.412,-99.12,-568.4
7.428,-87.15,-570.5
7.445,-74.51,-572.4
7.462,-61.27,-574.0
7.478,-47.65,-575.5
7.495,-33.67,-576.5
7.512,-19.31,-577.0
7.529,-4.936,-577.6
7.545,9.574,-577.6
7.562,24.48,-577.3
7.579,39.46,-576.3
7.595,54.12,-575.6
7.612,68.48,-574.2
7.629,81.98,-572.6
7.645,95.48,-570.6
7.662,109.1,-568.4
7.679,122.4,-566.1
7.695,134.9,-563.5
7.712,146.2,-560.8
7.729,157.5,-558.0
7.746,167.3,-555.4
7.762,176.1,-552.7
7.779,184.9,-550.0
7.796,192.3,-547.6
7.812,199.4,-545.4
7.829,205.2,-543.6
7.846,210.0,-541.8
7.862,213.4,-540.5
7.879,216.2,-539.4
7.896,218.1,-538.7
7.912,219.0,-538.6
7.929,218.8,-538.6
7.946,217.4,-539.1
7.963,214.9,-540.0
7.979,211.6,-541.2
7.996,207.4,-542.6
8.013,202.2,-544.4
8.029,196.3,-546.5
8.046,189.7,-548.8
8.063,181.0,-551.4
8.079,171.8,-553.9
8.096,161.8,-556.7
8.113,151.6,-559.3
8.129,140.6,-562.0
8.146,128.5,-564.5
8.163,115.8,-567.1
8.180,102.5,-569.3
8.196,88.67,-571.6
8.213,74.86,-573.3
8.230,60.44,-574.8
8.246,45.80,-575.9
8.263,31.77,-576.9
8.280,16.57,-577.2
8.296,1.782,-577.5
8.313,-13.11,-577.4
8.330,-27.14,-576.8
8.346,-41.17,-576.1
8.363,-54.89,-574.7
8.380,-68.01,-573.2
8.397,-81.13,-571.4
8.413,-93.69,-569.4
8.430,-105.3,-567.1
8.447,-115.7,-565.0
8.463,-125.7,-563.1
8.480,-135.0,-560.8
8.497,-143.6,-558.6
8.513,-151.7,-556.6
8.530,-158.2,-554.5
8.547,-164.5,-552.6
8.563,-169.0,-550.9
8.580,-173.1,-549.9
8.597,-176.5,-548.9
8.614,-178.8,-548.3
8.630,-179.7,-547.8
8.647,-179.8,-547.7
8.664,-179.0,-547.9
8.680,-177.5,-548.4
8.697,-174.8,-549.3
8.714,-171.0,-550.4
8.730,-166.7,-551.9
8.747,-161.2,-553.7
8.764,-154.6,-555.5
8.780,-147.3,-557.5
8.797,-138.9,-559.7
8.814,-130.1,-561.9
8.831,-120.1,-564.1
8.847,-109.9,-566.4
8.864,-98.12,-568.5
8.881,-86.72,-570.5
8.897,-73.76,-572.2
8.914,-61.42,-573.8
8.931,-47.97,-575.3
8.947,-34.30,-576.3
8.964,-20.64,-577.1
8.981,-6.291,-577.2
8.998,8.794,-577.6
9.014,22.07,-577.2
9.031,36.86,-576.7
9.048,51.25,-575.5
9.064,66.27,-574.3
9.081,80.18,-572.7
9.098,93.93,-570.6
9.114,106.3,-568.6
9.131,119.6,-566.3
9.148,132.3,-563.7
9.164,143.4,-561.2
9.181,154.5,-558.4
9.198,164.2,-555.9
9.215,173.5,-553.3
9.231,182.5,-550.9
9.248,190.1,-548.9
9.265,196.4,-546.5
9.281,202.3,-544.3
9.298,207.2,-542.7
9.315,211.1,-541.3
9.331,214.0,-540.3
9.348,215.6,-539.6
9.365,216.5,-539.4
9.381,216.5,-539.4
9.398,215.3,-539.8
9.415,213.1,-540.5
9.432,210.2,-541.6
9.448,206.1,-543.1
9.465,201.2,-545.0
9.482,194.8,-547.1
9.498,187.9,-549.4
9.515,180.0,-551.7
9.532,170.8,-554.2
9.548,161.3,-556.8
9.565,150.9,-559.5
9.582,139.9,-562.1
9.598,128.4,-565.1
9.615,116.5,-567.2
9.632,103.8,-569.5
9.649,89.88,-571.7
9.665,75.95,-573.3
9.682,61.81,-574.9
9.699,47.30,-576.1
9.715,32.88,-576.9
9.732,18.23,-577.5
9.749,2.821,-577.6
9.765,-10.99,-577.5
9.782,-25.10,-577.1
9.799,-38.97,-576.1
9.815,-52.47,-575.0
9.832,-65.90,-573.6
9.849,-78.48,-571.9
9.866,-90.58,-569.7
9.882,-102.0,-567.6
9.899,-113.0,-565.5
9.916,-123.2,-563.5
9.932,-132.6,-561.2
9.949,-141.3,-558.9
9.966,-148.7,-556.9
9.982,-156.0,-554.8
9.999,-161.9,-553.0
10.016,-167.0,-551.4
10.032,-171.2,-550.2
10.049,-174.4,-549.4
10.066,-176.4,-548.6
10.083,-177.6,-548.1
10.099,-177.8,-548.2
10.116,-176.8,-548.4
10.133,-175.4,-548.9
10.149,-172.7,-549.6
10.166,-169.1,-550.7
10.183,-164.9,-551.9
10.199,-159.4,-553.9
10.216,-153.5,-555.5
10.233,-146.3,-557.3
10.249,-138.6,-559.4
10.266,-129.9,-561.7
10.283,-120.2,-563.8
10.300,-110.4,-565.9
10.316,-99.11,-567.6
10.333,-87.45,-569.9
10.350,-75.26,-571.7
10.366,-62.24,-573.2
10.383,-49.35,-574.6
10.400,-35.63,-575.6
10.416,-21.93,-576.5
10.433,-7.339,-577.0
10.450,7.190,-577.0
10.466,21.74,-576.7
10.483,35.86,-576.3
10.500,50.14,-575.4
10.517,64.53,-574.3
10.533,77.64,-572.7
10.550,90.98,-570.7
10.567,104.7,-568.6
10.583,117.4,-566.0
10.600,129.0,-563.8
10.617,140.6,-561.2
10.633,151.0,-558.5
10.650,161.3,-556.0
10.667,170.1,-553.6
10.683,178.7,-551.3
10.700,186.3,-548.9
10.717,193.2,-546.8
10.734,199.0,-544.7
10.750,203.7,-542.9
10.767,207.4,-541.8
10.784,210.5,-540.7
10.800,212.3,-539.9
10.817,213.2,-539.8
10.834,213.4,-539.7
10.850,212.3,-540.1
10.867,210.4,-540.8
10.884,207.7,-541.8
10.901,203.3,-543.4
10.917,198.2,-545.0
10.934,192.5,-547.2
10.951,185.7,-549.3
10.967,178.0,-551.8
10.984,169.3,-554.3
11.001,160.2,-556.8
11.017,150.0,-559.3
11.034,138.9,-562.1
11.051,127.1,-564.4
11.067,115.3,-567.0
11.084,102.7,-569.3
11.101,88.99,-571.3
11.118,75.38,-573.3
11.134,61.39,-574.5
11.151,47.22,-575.7
11.168,33.14,-576.7
11.184,18.69,-576.7
11.201,4.765,-577.0
11.218,-9.699,-576.9
11.234,-23.50,-576.4
11.251,-37.41,-575.5
11.268,-50.68,-574.4
11.284,-64.01,-573.0
11.301,-76.54,-571.4
11.318,-88.69,-569.6
11.335,-100.1,-567.5
11.351,-111.2,-565.4
11.368,-121.5,-563.4
11.385,-130.6,-561.4
11.401,-139.0,-559.2
11.418,-146.8,-557.3
11.435,-153.4,-555.4
11.451,-159.7,-553.6
11.468,-164.8,-552.0
11.485,-168.7,-550.9
11.501,-171.8,-550.0
11.518,-173.8,-549.3
11.535,-175.0,-549.2
11.552,-175.5,-548.9
11.568,-174.9,-549.3
11.585,-173.4,-550.1
11.602,-170.8,-550.7
11.618,-167.3,-551.7
11.635,-163.2,-553.0
11.652,-157.9,-554.5
11.668,-151.9,-556.3
11.685,-145.3,-558.1
11.702,-137.3,-560.2
11.718,-129.0,-562.3
11.735,-118.8,-564.6
11.752,-108.6,-566.7
11.769,-97.96,-568.5
11.785,-86.83,-570.6
11.802,-74.39,-572.2
11.819,-62.05,-573.8
11.835,-49.43,-575.2
11.852,-35.78,-576.2
11.869,-22.02,-577.4
11.885,-8.351,-577.3
11.902,6.214,-577.7
11.919,20.43,-577.2
11.935,34.67,-576.7
11.952,48.97,-575.7
11.969,62.96,-574.5
11.986,76.77,-572.9
12.002,90.06,-571.2
12.019,102.3,-569.3
12.036,115.0,-567.1
12.052,126.9,-565.0
12.069,138.1,-562.3
12.086,149.2,-559.8
12.102,159.2,-557.4
12.119,168.4,-554.8
12.136,176.9,-552.1
12.152,184.2,-549.9
12.169,190.8,-548.0
12.186,196.4,-546.3
12.203,201.6,-544.5
12.219,205.4,-543.3
12.236,208.4,-542.3
12.253,210.4,-541.5
12.269,211.1,-541.2
12.286,211.2,-541.2
12.303,210.5,-541.5
12.319,208.6,-542.3
12.336,205.6,-543.3
12.353,201.6,-544.6
12.369,196.5,-546.2
12.386,190.5,-548.4
12.403,184.1,-550.4
12.420,176.5,-552.7
12.436,168.0,-555.1
12.453,158.5,-557.7
12.470,148.5,-560.1
12.486,138.0,-562.6
12.503,126.4,-565.2
12.520,114.8,-567.6
12.536,102.1,-569.8
12.553,88.76,-571.7
12.570,75.26,-573.3
12.586,61.48,-574.9
12.603,47.70,-575.7
12.620,33.54,-576.6
12.637,18.78,-577.2
12.653,4.483,-577.4
12.670,-9.253,-577.4
12.687,-23.73,-576.9
12.703,-37.18,-575.9
12.720,-50.50,-574.9
12.737,-63.57,-573.8
12.753,-75.93,-572.0
12.770,-87.90,-570.5
12.787,-99.10,-568.4
12.804,-109.9,-566.2
12.820,-120.0,-564.1
12.837,-129.4,-562.1
12.854,-137.8,-559.9
12.870,-145.5,-558.2
12.887,-152.4,-556.4
12.904,-158.4,-554.6
12.920,-163.0,-553.1
12.937,-167.5,-552.0
12.954,-170.6,-551.0
12.970,-172.9,-550.4
12.987,-173.9,-549.8
13.004,-174.6,-549.7
13.021,-174.1,-549.9
13.037,-172.6,-550.5
13.054,-170.2,-551.3
13.071,-166.8,-552.2
13.087,-162.5,-553.5
13.104,-157.4,-555.1
13.121,-151.4,-556.7
13.137,-144.4,-558.5
13.154,-136.8,-560.4
13.171,-127.9,-562.5
13.187,-118.3,-564.7
13.204,-108.7,-566.6
13.221,-97.86,-568.6
13.238,-85.94,-570.4
13.254,-74.01,-572.2
13.271,-61.64,-573.6
13.288,-48.66,-575.0
13.304,-35.80,-576.2
13.321,-22.17,-576.9
13.338,-7.547,-577.3
13.354,6.240,-577.5
13.371,19.83,-577.5
13.388,34.10,-576.9
13.404,48.48,-576.0
13.421,62.60,-575.0
13.438,76.14,-573.7
13.455,89.44,-571.7
13.471,102.0,-569.8
13.488,114.2,-567.5
13.505,125.9,-565.4
13.521,137.5,-562.8
13.538,147.8,-560.4
13.555,157.6,-557.7
13.571,166.7,-555.1
13.588,174.9,-552.8
13.605,182.3,-550.4
13.621,189.3,-548.3
13.638,194.9,-546.6
13.655,199.6,-544.7
13.672,203.4,-543.4
13.688,206.3,-542.3
13.705,208.4,-541.7
13.722,209.5,-541.2
13.738,209.5,-541.2
13.755,208.7,-541.6
13.772,206.6,-542.2
13.788,203.5,-543.3
13.805,199.8,-544.5
13.822,194.7,-546.1
13.838,189.6,-548.1
13.855,182.8,-550.2
13.872,175.3,-552.6
13.889,167.1,-554.8
13.905,157.6,-557.4
13.922,147.8,-559.9
13.939,137.3,-562.5
13.955,126.1,-565.1
13.972,114.1,-567.4
13.989,101.9,-569.8
14.005,89.02,-571.5
14.022,75.60,-573.3
14.039,61.96,-574.6
14.055,47.77,-575.8
14.072,33.88,-576.4
14.089,19.46,-576.9
14.106,5.698,-577.5
14.122,-8.115,-577.0
14.139,-22.21,-576.7
14.156,-35.48,-575.9
14.172,-48.75,-575.1
14.189,-61.69,-573.6
14.206,-74.17,-572.1
14.222,-86.07,-570.3
14.239,-97.80,-568.8
14.256,-108.5,-566.7
14.272,-118.4,-564.6
14.289,-127.6,-562.4
14.306,-135.8,-560.6
14.323,-143.6,-558.5
14.339,-150.4,-556.6
14.356,-156.5,-555.0
14.373,-161.2,-553.7
14.389,-165.9,-552.4
14.406,-169.1,-551.4
14.423,-171.4,-550.7
14.439,-172.9,-550.2
14.456,-173.1,-550.2
14.473,-172.9,-550.2
14.489,-171.3,-550.8
14.506,-168.7,-551.5
14.523,-165.5,-552.2
14.540,-161.4,-553.5
14.556,-156.1,-555.0
14.573,-150.2,-556.8
14.590,-143.6,-558.6
14.606,-135.9,-560.6
14.623,-127.7,-562.5
14.640,-118.2,-564.7
14.656,-108.2,-566.6
14.673,-97.36,-568.5
14.690,-86.92,-570.3
14.706,-74.63,-572.1
14.723,-62.15,-573.6
14.740,-49.57,-574.8
14.757,-35.63,-576.0
14.773,-22.34,-576.9
14.790,-9.128,-577.1
14.807,4.826,-577.2
14.823,18.83,-576.9
14.840,32.37,-576.6
14.857,46.16,-575.7
14.873,60.36,-574.4
14.890,73.74,-573.2
14.907,86.97,-571.4
14.924,99.59,-569.7
14.940,112.0,-567.4
14.957,123.5,-565.2
14.974,134.8,-562.8
14.990,145.7,-560.2
15.007,155.4,-558.0
15.024,164.2,-555.7
15.040,172.6,-553.4
15.057,180.0,-551.2
15.074,186.6,-549.0
15.090,192.6,-547.3
15.107,197.4,-545.6
15.124,201.2,-544.1
15.141,204.1,-543.2
15.157,206.3,-542.5
15.174,207.5,-542.2
15.191,207.5,-542.2
15.207,206.7,-542.6
15.224,204.9,-543.1
15.241,202.1,-544.2
15.257,197.9,-545.7
15.274,193.1,-547.2
15.291,187.7,-549.1
15.307,181.4,-551.2
15.324,174.0,-553.2
15.341,165.7,-555.6
15.358,156.4,-558.2
15.374,146.4,-560.6
15.391,136.3,-563.2
15.408,125.4,-565.4
15.424,113.5,-567.5
15.441,101.1,-569.7
15.458,88.25,-571.4
15.474,75.31,-573.3
15.491,61.61,-574.8
15.508,47.84,-575.9
15.524,33.96,-576.6
15.541,20.80,-577.2
15.558,6.389,-577.3
15.575,-7.778,-577.4
15.591,-21.45,-577.1
15.608,-35.12,-576.3
15.625,-48.04,-575.2
15.641,-60.83,-574.0
15.658,-73.10,-572.5
15.675,-84.73,-570.8
15.691,-96.14,-569.0
15.708,-106.4,-567.1
15.725,-116.5,-565.4
15.741,-125.5,-563.3
15.758,-133.8,-561.3
15.775,-141.0,-559.1
15.792,-148.3,-557.3
15.808,-154.1,-555.8
15.825,-159.4,-554.4
15.842,-163.2,-553.2
15.858,-166.7,-552.2
15.875,-168.8,-551.4
15.892,-170.0,-550.9
15.908,-170.5,-550.7
15.925,-170.0,-550.7
15.942,-168.9,-551.1
15.958,-166.5,-552.0
15.975,-163.2,-553.1
15.992,-159.2,-554.4
16.009,-154.1,-555.6
16.025,-148.3,-557.4
16.042,-141.8,-559.1
16.059,-134.2,-561.0
16.075,-126.1,-563.1
16.092,-117.0,-565.2
16.109,-107.3,-567.2
16.125,-96.76,-569.0
16.142,-85.56,-571.3
16.159,-73.85,-572.7
16.175,-61.01,-574.2
16.192,-48.83,-575.5
16.209,-36.05,-576.5
16.226,-22.29,-577.2
16.242,-9.126,-577.5
16.259,4.154,-577.6
16.276,18.67,-577.7
16.292,32.28,-576.7
16.309,46.34,-576.2
16.326,59.97,-575.1
16.342,72.95,-573.6
16.359,86.18,-571.9
16.376,98.81,-570.1
16.392,111.0,-567.9
16.409,122.8,-566.0
16.426,134.0,-563.5
16.443,144.2,-561.3
16.459,153.8,-558.9
16.476,162.9,-556.6
16.493,170.9,-554.1
16.509,178.1,-552.2
16.526,184.6,-550.1
16.543,190.3,-548.3
16.559,195.4,-546.8
16.576,199.2,-545.4
16.593,202.2,-544.4
16.609,204.3,-543.6
16.626,205.2,-543.2
16.643,205.4,-543.2
16.660,204.6,-543.6
16.676,202.9,-544.1
16.693,200.2,-545.1
16.710,196.5,-546.4
16.726,191.6,-548.1
16.743,186.4,-549.8
16.760,179.9,-551.8
16.776,172.6,-553.7
16.793,164.6,-556.0
16.810,155.6,-558.4
16.827,146.3,-561.0
16.843,136.4,-563.3
16.860,125.2,-565.5
16.877,113.1,-568.2
16.893,100.9,-570.3
16.910,88.44,-572.1
16.927,75.19,-573.8
16.943,61.81,-575.0
16.960,48.29,-576.2
16.977,34.72,-576.9
16.993,20.58,-577.4
17.010,6.651,-577.7
17.027,-6.995,-577.5
17.044,-20.48,-577.2
17.060,-33.76,-576.6
17.077,-46.97,-575.4
17.094,-59.32,-574.1
17.110,-71.77,-572.8
17.127,-83.21,-571.1
17.144,-94.52,-569.4
17.160,-105.1,-567.5
17.177,-115.1,-565.5
17.194,-124.5,-563.8
17.210,-132.8,-561.6
17.227,-140.1,-559.4
17.244,-147.0,-557.7
17.261,-153.2,-555.8
17.277,-158.1,-554.5
17.294,-162.0,-553.2
17.311,-165.5,-552.5
17.327,-167.6,-551.6
17.344,-169.0,-551.2
17.361,-169.5,-550.9
17.377,-169.0,-551.0
17.394,-167.7,-551.4
17.411,-165.4,-552.3
17.427,-162.2,-553.3
17.444,-158.2,-554.6
17.461,-153.4,-555.9
17.478,-147.6,-557.3
17.494,-140.9,-559.2
17.511,-133.5,-561.1
17.528,-125.2,-562.9
17.544,-116.1,-565.3
17.561,-106.2,-567.1
17.578,-95.75,-569.0
17.594,-85.42,-570.8
17.611,-73.00,-572.4
17.628,-60.72,-574.0
17.644,-48.44,-575.3
17.661,-35.48,-576.5
17.678,-22.82,-577.3
17.695,-8.997,-577.4
17.711,4.815,-577.5
17.728,18.29,-577.3
17.745,32.78,-576.9
17.761,45.63,-576.3
17.778,58.77,-575.2
17.795,72.26,-574.0
17.811,84.90,-572.4
17.828,98.02,-570.6
17.845,110.1,-568.5
17.861,121.7,-566.4
17.878,133.0,-563.9
17.895,143.0,-561.5
17.912,152.8,-559.4
17.928,161.5,-557.2
17.945,169.6,-554.9
17.962,177.0,-552.9
17.978,183.2,-550.7
17.995,189.1,-548.8
18.012,193.8,-547.4
18.028,197.9,-546.0
18.045,200.8,-545.2
18.062,202.6,-544.5
18.078,203.7,-544.2
18.095,203.7,-544.2
18.112,202.7,-544.4
18.129,201.0,-544.9
18.145,198.3,-546.0
18.162,194.5,-547.3
18.179,190.1,-548.8
18.195,184.7,-550.6
18.212,178.3,-552.3
18.229,171.3,-554.4
18.245,163.4,-556.6
18.262,154.5,-559.0
18.279,144.4,-561.5
18.295,134.3,-563.6
18.312,123.3,-566.1
18.329,112.2,-568.4
18.346,100.9,-570.1
18.362,88.46,-572.0
18.379,75.34,-573.9
18.396,61.86,-575.2
18.412,48.11,-576.6
18.429,34.66,-577.3
18.446,20.72,-577.8
18.462,6.726,-577.8
18.479,-6.618,-577.7
18.496,-19.56,-577.2
18.512,-33.20,-576.7
18.529,-45.55,-575.7
18.546,-58.05,-574.2
18.563,-70.87,-572.7
18.579,-81.72,-571.0
18.596,-92.88,-569.5
18.613,-102.7,-567.7
18.629,-112.8,-565.8
18.646,-121.9,-563.7
18.663,-130.1,-561.8
18.679,-137.4,-560.0
18.696,-143.8,-558.1
18.713,-149.5,-556.6
18.730,-154.3,-555.3
18.746,-158.4,-554.1
18.763,-161.5,-553.3
18.780,-163.9,-552.6
18.796,-165.4,-552.3
18.813,-165.9,-552.1
18.830,-165.3,-552.5
18.846,-164.0,-552.6
18.863,-161.8,-553.3
18.880,-158.6,-554.2
18.896,-154.6,-555.5
18.913,-149.5,-556.7
18.930,-143.9,-558.2
18.947,-137.0,-560.0
18.963,-129.9,-561.8
18.980,-121.8,-563.7
18.997,-113.0,-565.5
19.013,-104.0,-567.1
19.030,-94.33,-568.8
19.047,-82.82,-570.9
19.063,-70.93,-572.2
19.080,-59.26,-574.1
19.097,-46.88,-575.3
19.113,-34.31,-576.3
19.130,-20.50,-576.9
19.147,-7.132,-577.3
19.164,5.823,-577.5
19.180,18.92,-577.3
19.197,32.41,-576.9
19.214,45.88,-576.2
19.230,58.78,-575.3
19.247,72.09,-573.9
19.264,84.68,-572.6
19.280,96.74,-570.7
19.297,108.8,-568.3
19.314,120.7,-566.4
19.330,131.7,-564.1
19.347,141.8,-561.9
19.364,151.4,-559.6
19.381,160.2,-557.4
19.397,168.4,-555.0
19.414,175.7,-552.9
19.431,181.9,-551.3
19.447,187.5,-549.6
19.464,192.3,-548.1
19.481,196.3,-546.5
19.497,199.3,-545.6
19.514,201.3,-544.9
19.531,202.5,-544.5
19.547,202.5,-544.5
19.564,201.6,-544.8
19.581,199.8,-545.3
19.598,197.0,-546.3
19.614,193.3,-547.5
19.631,188.7,-548.9
19.648,183.5,-550.7
19.664,177.3,-552.4
19.681,170.2,-554.5
19.698,162.5,-556.6
19.714,153.5,-559.1
19.731,143.7,-561.6
19.748,134.1,-563.8
19.764,123.1,-565.9
19.781,111.7,-568.3
19.798,99.88,-570.6
19.815,88.06,-572.0
19.831,75.09,-573.8
19.848,62.06,-575.0
19.865,48.31,-576.1
19.881,34.81,-577.2
19.898,20.56,-577.7
19.915,6.948,-577.8
19.931,-6.141,-577.4
19.948,-19.54,-577.2
19.965,-32.92,-576.3
19.981,-45.50,-575.7
19.998,-57.72,-574.5
20.015,-69.55,-572.9
20.032,-81.05,-571.5
20.048,-92.02,-569.7
20.065,-102.3,-567.9
20.082,-112.1,-566.2
20.098,-121.0,-564.2
20.115,-129.2,-562.5
20.132,-136.5,-560.6
20.148,-143.0,-559.0
20.165,-149.0,-557.4
20.182,-153.8,-556.1
20.198,-157.4,-555.0
20.215,-160.4,-554.1
20.232,-163.0,-553.6
20.249,-164.3,-553.1
20.265,-164.6,-553.1
20.282,-164.3,-553.2
20.299,-163.1,-553.6
20.315,-160.9,-554.1
20.332,-157.6,-555.1
20.349,-153.6,-556.3
20.365,-148.8,-557.6
20.382,-143.0,-559.0
20.399,-136.7,-560.8
20.415,-129.2,-562.4
20.432,-121.0,-564.4
20.449,-112.4,-566.2
20.466,-103.1,-567.9
20.482,-93.27,-569.7
20.499,-82.42,-571.4
20.516,-69.87,-573.1
20.532,-58.39,-574.5
20.549,-46.49,-575.7
20.566,-34.49,-576.5
20.582,-20.95,-577.0
20.599,-8.570,-577.6
20.616,5.334,-577.6
20.632,18.77,-577.5
20.649,32.48,-577.2
20.666,45.77,-576.3
20.683,58.63,-575.3
20.699,71.51,-573.9
20.716,83.83,-572.6
20.733,96.45,-570.6
20.749,108.2,-568.6
20.766,119.5,-566.6
20.783,130.3,-564.3
20.799,141.0,-562.1
20.816,150.1,-559.8
20.833,158.6,-557.6
20.850,166.9,-555.5
20.866,174.0,-553.2
20.883,180.1,-551.5
20.900,185.5,-549.7
20.916,190.3,-548.4
20.933,194.4,-547.1
20.950,197.2,-546.2
20.966,199.0,-545.6
20.983,199.9,-545.2
21.000,199.8,-545.3
21.016,198.9,-545.6
21.033,197.3,-546.2
21.050,194.5,-547.0
21.067,190.7,-548.4
21.083,186.3,-549.7
21.100,181.1,-551.4
21.117,174.7,-553.3
21.133,167.6,-555.5
21.150,159.7,-557.4
21.167,151.2,-559.7
21.183,141.5,-561.8
21.200,131.5,-563.8
21.217,120.7,-565.9
21.233,109.3,-568.1
21.250,97.69,-570.0
21.267,85.81,-572.0
21.284,73.41,-573.5
21.300,60.02,-575.1
21.317,47.17,-576.1
21.334,33.59,-576.8
21.350,20.51,-577.5
21.367,7.738,-577.4
21.384,-5.924,-577.3
21.400,-19.35,-577.1
21.417,-32.14,-576.4
21.434,-44.91,-575.4
21.450,-57.08,-574.4
21.467,-68.89,-572.9
21.484,-79.79,-571.5
21.501,-91.01,-569.7
21.517,-100.8,-568.1
21.534,-110.0,-566.2
21.551,-119.0,-564.5
21.567,-126.7,-562.5
21.584,-133.9,-560.7
21.601,-140.4,-558.8
21.617,-145.9,-557.3
21.634,-150.5,-556.0
21.651,-154.6,-554.9
21.667,-157.6,-554.0
21.684,-159.7,-553.2
21.701,-161.2,-553.1
21.718,-161.5,-553.0
21.734,-161.2,-553.1
21.751,-160.0,-553.7
21.768,-157.9,-554.1
21.784,-154.5,-555.2
21.801,-150.5,-556.4
21.818,-145.8,-557.6
21.834,-140.2,-559.1
21.851,-133.7,-560.7
21.868,-126.3,-562.4
21.884,-118.4,-564.2
21.901,-110.0,-566.0
21.918,-100.2,-567.9
21.935,-90.53,-570.2
21.951,-80.00,-571.8
21.968,-69.16,-573.2
21.985,-57.28,-574.6
22.001,-45.37,-575.6
22.018,-33.07,-576.5
22.035,-20.19,-577.0
22.051,-7.438,-577.7
22.068,6.391,-577.5
22.085,19.65,-577.4
22.101,32.58,-577.2
22.118,45.85,-576.2
22.135,59.24,-575.2
22.152,71.48,-573.8
22.168,83.81,-572.2
22.185,95.97,-570.5
22.202,107.9,-568.8
22.218,119.6,-566.6
22.235,130.0,-564.4
22.252,139.8,-562.3
22.268,149.2,-560.0
22.285,157.7,-557.9
22.302,165.5,-555.6
22.318,172.4,-553.7
22.335,178.7,-551.9
22.352,184.2,-550.3
22.369,188.8,-548.8
22.385,192.5,-547.5
22.402,195.2,-546.6
22.419,197.1,-545.9
22.435,198.2,-545.6
22.452,198.4,-545.7
22.469,197.5,-545.8
22.485,195.7,-546.3
22.502,193.1,-547.4
22.519,189.5,-548.4
22.535,184.9,-549.9
22.552,179.7,-551.8
22.569,173.4,-553.4
22.586,166.4,-555.3
22.602,158.4,-557.6
22.619,150.0,-559.8
22.636,140.8,-561.7
22.652,130.5,-564.1
22.669,120.0,-566.1
22.686,108.8,-568.3
22.702,97.07,-570.3
22.719,85.19,-572.2
22.736,73.18,-573.6
22.753,60.78,-574.9
22.769,47.48,-576.0
22.786,33.51,-577.0
22.803,19.68,-577.6
22.819,7.209,-577.5
22.836,-6.034,-577.4
22.853,-18.97,-577.2
22.869,-32.21,-576.4
22.886,-44.92,-575.5
22.903,-57.28,-574.7
22.919,-68.54,-573.3
22.936,-79.86,-571.8
22.953,-90.19,-569.9
22.970,-100.2,-568.2
22.986,-109.7,-566.8
23.003,-118.3,-564.9
23.020,-126.1,-563.2
23.036,-133.5,-561.6
23.053,-139.6,-560.0
23.070,-145.3,-558.5
23.086,-150.2,-557.2
23.103,-154.3,-556.2
23.120,-157.2,-555.4
23.136,-159.3,-554.6
23.153,-160.6,-554.3
23.170,-161.0,-554.4
23.187,-160.6,-554.4
23.203,-159.2,-554.9
23.220,-157.1,-555.5
23.237,-153.9,-556.5
23.253,-150.1,-557.6
23.270,-145.3,-558.8
23.287,-139.8,-560.1
23.303,-133.4,-561.7
23.320,-126.1,-563.5
23.337,-118.2,-565.3
23.353,-109.6,-567.0
23.370,-100.4,-568.8
23.387,-90.22,-570.5
23.404,-79.79,-572.0
23.420,-69.11,-573.5
23.437,-57.57,-574.9
23.454,-45.71,-575.8
23.470,-32.62,-576.5
23.487,-20.10,-577.2
23.504,-7.509,-577.5
23.520,5.968,-577.5
23.537,18.69,-577.4
23.554,31.87,-577.1
23.570,45.18,-576.3
23.587,58.42,-575.3
23.604,70.93,-573.9
23.621,83.04,-572.6
23.637,95.20,-570.7
23.654,106.6,-568.7
23.671,117.2,-566.9
23.687,127.7,-564.5
23.704,137.5,-562.6
23.721,146.7,-560.3
23.737,155.1,-558.3
23.754,163.0,-556.2
23.771,170.0,-554.2
23.787,175.8,-552.2
23.804,181.0,-550.8
23.821,185.4,-549.3
23.838,189.3,-548.0
23.854,191.9,-547.3
23.871,193.7,-546.7
23.888,194.5,-546.5
23.904,194.6,-546.5
23.921,193.8,-546.7
23.938,192.0,-547.4
23.954,189.1,-548.2
23.971,185.5,-549.4
23.988,180.9,-550.7
24.004,175.7,-552.2
24.021,169.5,-554.2
24.038,162.5,-556.2
24.055,154.4,-558.4
24.071,146.2,-560.4
24.088,137.0,-562.8
24.105,127.0,-564.9
24.121,116.1,-566.8
24.138,105.3,-568.8
24.155,93.95,-570.6
24.171,81.93,-572.2
24.188,69.60,-573.6
24.205,56.42,-574.7
24.221,43.85,-576.0
24.238,30.55,-576.5
24.255,17.37,-576.6
24.272,5.436,-577.1
24.288,-7.275,-577.0
24.305,-21.22,-576.8
24.322,-33.24,-576.1
24.338,-45.45,-575.3
24.355,-57.08,-574.3
24.372,-68.51,-573.0
24.388,-79.79,-571.4
24.405,-90.34,-569.7
24.422,-99.61,-568.1
24.438,-109.4,-566.5
24.455,-118.6,-564.6
24.472,-125.8,-562.9
24.489,-132.8,-561.4
24.505,-139.3,-559.7
24.522,-144.4,-558.2
24.539,-149.0,-557.0
24.555,-152.8,-556.1
24.572,-155.6,-555.1
24.589,-157.5,-554.6
24.605,-158.7,-554.2
24.622,-159.1,-554.2
24.639,-158.6,-554.4
24.656,-157.1,-554.7
24.672,-154.8,-555.4
24.689,-151.7,-556.3
24.706,-147.6,-557.3
24.722,-142.8,-558.5
24.739,-137.3,-560.0
24.756,-130.9,-561.8
24.772,-123.6,-563.5
24.789,-116.0,-564.9
24.806,-107.3,-566.5
24.822,-97.87,-568.3
24.839,-87.88,-570.1
24.856,-77.02,-571.7
24.873,-66.41,-573.2
24.889,-54.96,-574.5
24.906,-43.28,-575.6
24.923,-31.20,-576.5
24.939,-18.78,-577.3
24.956,-5.759,-577.5
24.973,7.269,-577.6
24.989,19.77,-577.2
25.006,32.76,-576.9
25.023,45.57,-576.2
25.039,58.37,-575.0
25.056,71.31,-573.9
25.073,83.64,-572.4
25.090,95.81,-570.9
25.106,107.2,-569.1
25.123,118.1,-567.0
25.140,128.0,-565.0
25.156,138.1,-562.9
25.173,147.4,-560.9
25.190,155.7,-559.0
25.206,163.2,-557.2
25.223,170.0,-555.2
25.240,175.9,-553.6
25.256,181.1,-551.7
25.273,185.9,-550.5
25.290,189.1,-549.2
25.307,192.0,-548.3
25.323,193.7,-547.7
25.340,194.4,-547.4
25.357,194.5,-547.4
25.373,193.5,-547.6
25.390,191.6,-548.1
25.407,188.9,-549.2
25.423,185.3,-550.4
25.440,180.9,-551.8
25.457,175.4,-553.3
25.473,169.0,-555.2
25.490,162.1,-557.2
25.507,154.4,-559.3
25.524,146.0,-561.3
25.540,136.9,-563.2
25.557,126.6,-565.6
25.574,116.2,-567.3
25.590,105.1,-569.5
25.607,93.38,-571.3
25.624,81.50,-572.9
25.640,69.96,-574.1
25.657,57.21,-575.5
25.674,44.52,-576.2
25.690,31.96,-577.2
25.707,18.70,-577.4
25.724,5.306,-577.7
25.741,-7.154,-577.6
25.757,-19.56,-577.1
25.774,-32.38,-576.4
25.791,-44.67,-575.6
25.807,-56.09,-574.5
25.824,-67.38,-573.3
25.841,-79.36,-571.8
25.857,-89.16,-570.1
25.874,-99.42,-568.5
25.891,-108.8,-566.7
25.907,-116.6,-564.7
25.924,-123.9,-563.2
25.941,-130.6,-561.5
25.958,-136.8,-560.2
25.974,-142.1,-558.9
25.991,-146.8,-557.3
26.008,-150.4,-556.4
26.024,-153.1,-555.6
26.041,-155.0,-555.1
26.058,-156.3,-554.8
26.074,-156.6,-554.6
26.091,-156.0,-554.7
26.108,-154.9,-555.0
26.124,-152.2,-555.7
26.141,-149.1,-556.6
26.158,-145.5,-557.5
26.175,-140.6,-558.8
26.191,-135.0,-560.3
26.208,-128.6,-561.8
26.225,-121.3,-563.3
26.241,-113.5,-565.2
26.258,-105.1,-566.7
26.275,-95.57,-568.5
26.291,-84.85,-570.2
26.308,-74.80,-571.7
26.325,-63.85,-573.1
26.341,-52.34,-574.4
26.358,-40.35,-575.6
26.375,-28.11,-576.2
26.392,-16.19,-576.8
26.408,-3.689,-577.1
26.425,9.173,-577.2
26.442,21.90,-576.9
26.458,34.93,-576.4
26.475,47.68,-575.7
26.492,60.20,-574.6
26.508,72.31,-573.5
26.525,84.06,-572.0
26.542,95.62,-570.5
26.558,106.8,-568.6
26.575,117.4,-566.5
26.592,127.7,-564.5
26.609,137.3,-562.4
26.625,146.1,-560.4
26.642,154.9,-558.5
26.659,162.2,-556.5
26.675,169.0,-554.6
26.692,174.5,-552.9
26.709,180.3,-551.3
26.725,184.3,-550.1
26.742,188.2,-549.1
26.759,190.6,-548.4
26.776,192.3,-548.1
26.792,193.1,-547.6
26.809,193.2,-547.5
26.826,192.3,-548.1
26.842,190.6,-548.9
26.859,187.7,-549.4
26.876,184.0,-550.8
26.892,179.5,-551.9
26.909,174.0,-553.6
26.926,168.1,-555.3
26.942,160.9,-557.1
26.959,153.2,-559.3
26.976,145.1,-561.3
26.993,136.1,-563.6
27.009,126.6,-565.5
27.026,115.5,-567.6
27.043,104.6,-569.4
27.059,93.23,-571.2
27.076,81.27,-572.9
27.093,68.73,-574.4
27.109,56.72,-575.6
27.126,43.65,-576.3
27.143,31.09,-577.2
27.159,17.64,-577.8
27.176,5.016,-577.7
27.193,-7.815,-577.5
27.210,-20.33,-577.2
27.226,-32.59,-576.5
27.243,-44.52,-575.8
27.260,-55.98,-574.5
27.276,-67.33,-573.1
27.293,-78.01,-571.7
27.310,-88.25,-569.8
27.326,-97.71,-568.3
27.343,-106.8,-566.7
27.360,-114.9,-565.1
27.376,-122.6,-563.5
27.393,-129.4,-561.7
27.410,-135.4,-560.4
27.427,-140.7,-558.9
27.443,-145.2,-558.0
27.460,-148.7,-557.0
27.477,-151.3,-556.4
27.493,-153.2,-555.8
27.510,-154.5,-555.4
27.527,-154.6,-555.3
27.543,-154.0,-555.5
27.560,-152.6,-555.8
27.577,-150.4,-556.3
27.593,-147.2,-557.4
27.610,-143.3,-558.4
27.627,-138.5,-559.6
27.644,-133.2,-561.0
27.660,-126.4,-562.7
27.677,-119.3,-564.2
27.694,-111.8,-565.6
27.710,-103.4,-567.1
27.727,-93.82,-569.1
27.744,-84.05,-570.7
27.760,-73.97,-572.0
27.777,-63.41,-573.4
27.794,-52.12,-574.7
27.810,-39.31,-576.0
27.827,-27.85,-576.8
27.844,-15.85,-577.4
27.861,-3.367,-577.5
27.877,9.143,-577.5
27.894,22.29,-577.2
27.911,34.97,-576.9
27.927,47.40,-576.3
27.944,60.02,-575.1
27.961,72.19,-573.9
27.977,83.88,-572.6
27.994,95.64,-570.9
28.011,106.2,-569.4
28.027,117.3,-567.3
28.044,127.1,-565.3
28.061,136.7,-563.3
28.078,145.6,-561.2
28.094,153.6,-559.3
28.111,161.1,-557.3
28.128,167.8,-555.6
28.144,173.7,-553.9
28.161,178.6,-552.5
28.178,182.7,-551.2
28.194,185.9,-550.3
28.211,188.7,-549.4
28.228,190.3,-548.9
28.244,190.9,-548.6
28.261,190.7,-548.5
28.278,189.5,-548.7
28.295,187.7,-549.4
28.311,184.9,-550.2
28.328,180.9,-551.4
28.345,176.6,-552.7
28.361,171.1,-554.4
28.378,165.0,-556.2
28.395,158.1,-558.0
28.411,150.5,-560.1
28.428,142.1,-562.0
28.445,133.3,-564.2
28.461,123.6,-566.1
28.478,113.4,-568.4
28.495,102.6,-570.2
28.512,91.32,-571.9
28.528,79.44,-573.4
28.545,67.29,-575.0
28.562,55.12,-576.0
28.578,43.28,-576.6
28.595,30.43,-577.6
28.612,17.68,-577.8
28.628,4.945,-577.9
28.645,-7.989,-577.8
28.662,-19.97,-577.3
28.679,-33.33,-576.6
28.695,-45.24,-575.7
28.712,-56.39,-574.6
28.729,-67.08,-573.2
28.745,-78.10,-571.9
28.762,-88.05,-570.1
28.779,-97.33,-568.5
28.795,-106.1,-566.9
28.812,-114.2,-565.4
28.829,-121.9,-563.6
28.845,-128.9,-562.1
28.862,-134.8,-560.7
28.879,-139.8,-559.5
28.896,-144.0,-558.3
28.912,-147.6,-557.4
28.929,-150.2,-556.6
