,masa A,,
t,x,y,
4.296,339.9,-593.0
4.313,311.1,-607.9
4.329,278.4,-622.0
4.346,246.9,-635.1
4.363,212.6,-646.9
4.379,174.8,-657.8
4.396,138.2,-665.9
4.412,100.2,-672.7
4.429,60.82,-676.8
4.446,28.42,-678.8
4.462,-15.66,-679.4
4.479,-53.85,-677.0
4.496,-96.79,-672.4
4.512,-134.5,-666.1
4.529,-170.4,-658.1
4.546,-198.6,-649.9
4.562,-231.7,-639.0
4.579,-262.4,-626.8
4.596,-291.6,-613.9
4.612,-318.3,-600.7
4.629,-342.7,-587.0
4.646,-365.8,-573.3
4.662,-385.0,-559.2
4.679,-401.3,-546.2
4.696,-418.0,-534.0
4.712,-429.7,-522.3
4.729,-444.7,-509.8
4.745,-454.3,-501.8
4.762,-462.1,-494.7
4.779,-467.6,-489.8
4.795,-470.7,-486.0
4.812,-473.3,-484.8
4.829,-472.8,-484.8
4.845,-470.7,-486.9
4.862,-466.5,-490.9
4.879,-461.1,-496.6
4.895,-452.5,-503.9
4.912,-443.4,-512.6
4.929,-430.8,-522.7
4.945,-416.1,-533.9
4.962,-399.0,-545.9
4.979,-380.5,-558.9
4.995,-359.8,-572.5
5.012,-336.8,-586.1
5.029,-318.2,-603.8
5.045,-291.7,-616.8
5.062,-261.2,-629.8
5.078,-231.2,-641.2
5.095,-195.9,-651.7
5.112,-161.6,-661.0
5.128,-125.7,-668.9
5.145,-89.77,-674.0
5.162,-53.02,-678.0
5.178,-14.46,-683.4
5.195,27.00,-683.4
5.212,64.96,-680.5
5.228,100.4,-676.7
5.245,135.3,-670.3
5.262,172.1,-662.0
5.278,208.8,-652.2
5.295,242.1,-641.2
5.312,274.6,-629.3
5.328,305.8,-615.8
5.345,333.7,-601.5
5.362,358.3,-587.3
5.378,372.6,-575.5
5.395,392.8,-561.6
5.412,411.2,-548.4
5.428,430.3,-531.5
5.445,444.2,-519.8
5.461,456.5,-508.7
5.478,466.7,-499.6
5.495,474.9,-491.5
5.511,481.7,-485.0
5.528,485.7,-480.2
5.545,488.0,-477.6
5.561,488.8,-476.6
5.578,487.9,-477.4
5.595,485.3,-480.1
5.611,481.0,-484.6
5.628,474.6,-490.5
5.645,465.9,-498.3
5.661,456.5,-507.5
5.678,444.8,-517.8
5.695,429.9,-529.9
5.711,413.6,-542.4
5.728,396.3,-555.7
5.745,374.9,-569.6
5.761,352.9,-583.5
5.778,328.6,-597.7
5.794,300.5,-611.3
5.811,272.0,-624.3
5.828,241.4,-636.7
5.844,208.8,-647.4
5.861,174.2,-657.5
5.878,139.4,-665.7
5.894,104.0,-671.6
5.911,64.02,-676.3
5.928,28.61,-678.5
5.944,-11.54,-678.7
5.961,-44.09,-677.1
5.978,-87.11,-673.6
5.994,-121.5,-668.3
6.011,-158.4,-660.9
6.028,-189.8,-652.6
6.044,-221.7,-642.3
6.061,-252.3,-631.2
6.078,-280.9,-619.4
6.094,-307.8,-606.8
6.111,-333.1,-593.3
6.127,-356.1,-580.6
6.144,-376.2,-567.8
6.161,-394.5,-555.7
6.177,-410.7,-543.8
6.194,-423.1,-531.5
6.211,-434.8,-521.9
6.227,-444.6,-513.9
6.244,-452.9,-507.4
6.261,-458.7,-502.5
6.277,-463.2,-499.2
6.294,-464.6,-497.6
6.311,-464.2,-497.6
6.327,-462.0,-499.6
6.344,-458.8,-503.2
6.361,-452.6,-508.6
6.377,-445.0,-515.3
6.394,-434.4,-523.4
6.411,-422.7,-533.3
6.427,-407.7,-543.6
6.444,-391.7,-555.4
6.460,-371.6,-567.9
6.477,-352.0,-580.4
6.494,-330.0,-593.4
6.510,-305.7,-606.3
6.527,-278.1,-618.7
6.544,-249.5,-630.3
6.560,-219.5,-641.3
6.577,-187.1,-651.3
6.594,-159.1,-661.7
6.610,-126.5,-668.8
6.627,-89.38,-673.9
6.644,-52.63,-677.6
6.660,-10.85,-690.6
6.677,28.54,-690.5
6.694,61.77,-688.2
6.710,107.4,-686.8
6.727,173.3,-685.5
6.744,246.1,-684.6
6.760,303.8,-683.8
6.777,324.3,-683.6
6.794,303.7,-683.7
6.810,246.4,-684.5
6.827,172.7,-685.5
6.843,89.47,-685.9
6.860,365.2,-574.9
6.877,385.4,-561.8
6.893,403.9,-549.0
6.910,419.7,-536.9
6.927,433.3,-525.9
6.943,445.1,-515.7
6.960,455.6,-507.1
6.977,463.1,-499.8
6.993,469.1,-493.8
7.010,474.0,-489.2
7.027,476.5,-486.7
7.043,477.3,-486.0
7.060,476.1,-486.5
7.077,473.8,-488.9
7.093,469.0,-493.6
7.110,463.3,-499.3
7.127,454.3,-506.6
7.143,443.8,-515.5
7.160,433.2,-525.2
7.176,419.5,-536.1
7.193,403.3,-548.3
7.210,384.8,-560.9
7.226,364.4,-574.1
7.243,342.8,-587.0
7.260,318.4,-600.2
7.276,292.0,-612.9
7.293,263.8,-625.0
7.310,232.6,-636.9
7.326,200.2,-647.7
7.343,166.1,-656.8
7.360,132.3,-664.1
7.376,101.2,-668.9
7.393,64.71,-673.1
7.410,30.31,-675.2
7.426,-7.677,-675.6
7.443,-43.18,-674.0
7.460,-78.89,-670.2
7.476,-113.2,-664.9
7.493,-147.9,-658.0
7.509,-181.2,-649.5
7.526,-220.6,-647.2
7.543,-250.6,-636.3
7.559,-279.5,-624.6
7.576,-305.1,-612.6
7.593,-329.0,-600.5
7.609,-350.0,-588.5
7.626,-369.4,-576.5
7.643,-386.3,-564.6
7.659,-401.9,-553.8
7.676,-415.6,-543.8
7.693,-427.0,-535.2
7.709,-434.5,-527.5
7.726,-441.8,-521.3
7.743,-443.2,-515.5
7.759,-446.5,-512.5
7.776,-448.1,-511.4
7.793,-447.3,-511.7
7.809,-445.2,-513.5
7.826,-441.1,-517.5
7.843,-434.9,-522.2
7.859,-428.3,-530.1
7.876,-418.6,-538.2
7.892,-408.0,-548.1
7.909,-395.1,-558.9
7.926,-379.1,-570.0
7.942,-362.1,-581.8
7.959,-342.5,-593.8
7.976,-320.0,-605.8
7.992,-295.3,-618.1
8.009,-268.4,-629.7
8.026,-239.7,-641.0
8.042,-209.4,-650.7
8.059,-177.2,-659.8
8.076,-142.5,-668.0
8.092,-109.2,-674.2
8.109,-76.87,-678.4
8.126,-39.77,-676.2
8.142,-4.775,-677.1
8.159,31.13,-676.7
8.176,63.52,-674.6
8.192,99.38,-670.0
8.209,133.9,-664.3
8.225,167.4,-657.1
8.242,199.3,-648.2
8.259,229.4,-638.4
8.275,258.0,-627.5
8.292,283.7,-615.8
8.309,309.0,-604.0
8.325,334.1,-591.3
8.342,355.2,-579.1
8.359,373.6,-566.8
8.375,391.8,-554.9
8.392,407.1,-544.0
8.409,420.2,-533.8
8.425,431.6,-524.8
8.442,441.4,-516.8
8.459,448.6,-510.1
8.475,453.7,-505.1
8.492,457.9,-501.0
8.509,460.1,-499.1
8.525,460.0,-498.6
8.542,459.2,-499.7
8.558,455.9,-502.5
8.575,451.4,-506.9
8.592,444.1,-512.9
8.608,435.6,-520.3
8.625,425.3,-528.7
8.642,412.9,-538.6
8.658,397.4,-549.2
8.675,381.3,-560.6
8.692,362.1,-572.6
8.708,342.3,-584.9
8.725,320.3,-597.5
8.742,295.8,-609.5
8.758,270.2,-621.5
8.775,241.8,-632.7
8.792,213.4,-643.3
8.808,181.8,-652.7
8.825,151.4,-660.5
8.842,117.2,-667.2
8.858,84.55,-672.2
8.875,49.63,-675.4
8.892,13.91,-676.9
8.908,-22.17,-676.9
8.925,-56.13,-674.6
8.941,-90.17,-670.6
8.958,-123.7,-665.2
8.975,-157.2,-658.3
8.991,-188.2,-650.2
9.008,-219.6,-640.5
9.025,-247.9,-630.1
9.041,-275.0,-619.2
9.058,-300.1,-607.6
9.075,-323.0,-595.9
9.091,-344.7,-584.2
9.108,-363.4,-572.8
9.125,-380.2,-562.1
9.141,-392.4,-551.5
9.158,-406.9,-543.0
9.175,-419.4,-531.5
9.191,-428.0,-524.8
9.208,-435.2,-519.5
9.225,-439.9,-515.7
9.241,-443.6,-513.3
9.258,-443.8,-512.5
9.274,-442.9,-513.5
9.291,-440.0,-516.5
9.308,-435.0,-520.5
9.324,-427.3,-525.7
9.341,-417.9,-532.8
9.358,-406.7,-540.7
9.374,-394.3,-549.5
9.391,-378.5,-559.8
9.408,-361.2,-570.5
9.424,-341.7,-581.7
9.441,-320.5,-593.4
9.458,-297.0,-605.2
9.474,-271.8,-616.5
9.491,-253.1,-632.8
9.508,-224.0,-642.7
9.524,-193.5,-652.1
9.541,-160.2,-660.7
9.558,-127.5,-667.7
9.574,-95.50,-672.8
9.591,-63.36,-676.0
9.607,-30.50,-678.1
9.624,5.940,-679.3
9.641,40.09,-677.6
9.657,76.81,-674.7
9.674,109.1,-670.7
9.691,143.0,-664.6
9.707,175.2,-657.0
9.724,204.3,-648.7
9.741,232.8,-638.7
9.757,259.3,-628.1
9.774,285.3,-616.9
9.791,308.5,-605.3
9.807,329.7,-593.5
9.824,348.8,-582.0
9.841,366.2,-570.6
9.857,382.3,-559.6
9.874,397.1,-549.7
9.891,408.7,-540.2
9.907,419.9,-531.9
9.924,428.7,-524.9
9.941,435.3,-519.0
9.957,441.5,-514.8
9.974,444.7,-513.4
9.990,446.1,-512.2
10.007,445.7,-512.4
10.024,443.7,-514.2
10.040,439.8,-517.5
10.057,433.7,-522.4
10.074,427.0,-528.2
10.090,417.4,-535.8
10.107,406.7,-544.1
10.124,393.9,-554.3
10.140,379.0,-564.7
10.157,362.2,-576.0
10.174,343.1,-587.4
10.190,324.0,-599.0
10.207,302.1,-610.7
10.224,278.2,-622.0
10.240,252.2,-633.2
10.257,224.3,-643.7
10.274,202.5,-647.2
10.290,170.7,-656.3
10.307,138.7,-663.2
10.323,107.1,-668.4
10.340,70.28,-673.1
10.357,37.50,-675.3
10.373,1.859,-676.2
10.390,-31.88,-675.2
10.407,-65.05,-672.6
10.423,-98.72,-668.1
10.440,-131.7,-662.4
10.457,-164.3,-655.3
10.473,-194.8,-647.0
10.490,-223.9,-637.8
10.507,-250.9,-627.4
10.523,-276.6,-617.0
10.540,-299.0,-605.5
10.557,-320.6,-594.1
10.573,-340.4,-583.2
10.590,-358.6,-572.8
10.607,-383.3,-564.1
10.623,-397.2,-555.2
10.640,-408.6,-547.1
10.656,-418.5,-540.3
10.673,-426.1,-534.7
10.690,-431.6,-530.7
10.706,-435.5,-527.8
10.723,-437.4,-526.3
10.740,-437.0,-526.2
10.756,-435.0,-527.9
10.773,-431.3,-531.2
10.790,-424.9,-535.8
10.806,-417.2,-541.7
10.823,-406.7,-548.8
10.840,-394.9,-557.0
10.856,-381.0,-566.3
10.873,-364.8,-575.9
10.890,-347.2,-586.3
10.906,-327.2,-597.1
10.923,-305.1,-608.0
10.940,-281.0,-618.9
10.956,-257.0,-629.2
10.973,-229.8,-639.0
10.990,-201.3,-648.1
11.006,-171.0,-656.3
11.023,-140.0,-663.4
11.039,-107.3,-669.0
11.056,-75.64,-673.4
11.073,-42.13,-676.1
11.089,-9.562,-677.3
11.106,24.59,-676.8
11.123,59.79,-674.8
11.139,92.87,-671.4
11.156,124.5,-666.3
11.173,155.2,-659.9
11.189,185.1,-652.1
11.206,214.7,-643.4
11.223,241.2,-633.7
11.239,266.6,-623.3
11.256,290.7,-612.5
11.273,311.9,-601.3
11.289,332.0,-590.3
11.306,350.8,-579.2
11.323,367.0,-568.9
11.339,382.4,-559.0
11.356,395.2,-549.8
11.372,406.1,-541.7
11.389,415.5,-534.7
11.406,422.8,-529.0
11.422,428.2,-523.9
11.439,431.9,-520.7
11.456,433.6,-519.1
11.472,434.2,-518.7
11.489,432.5,-519.9
11.506,429.4,-522.4
11.522,425.1,-526.3
11.539,418.7,-531.7
11.556,410.3,-538.1
11.572,399.7,-545.9
11.589,388.1,-554.6
11.606,373.6,-564.4
11.622,357.7,-574.7
11.639,340.1,-585.3
11.656,321.0,-596.4
11.672,300.2,-607.3
11.689,276.6,-618.2
11.705,252.3,-629.0
11.722,225.9,-638.9
11.739,199.0,-648.2
11.755,169.3,-656.4
11.772,138.4,-663.4
11.789,107.0,-669.1
11.805,74.12,-673.6
11.822,40.81,-676.0
11.839,8.035,-677.0
11.855,-26.79,-676.9
11.872,-58.23,-674.9
11.889,-92.85,-671.1
11.905,-124.8,-666.3
11.922,-154.5,-660.1
11.939,-184.6,-652.2
11.955,-212.5,-644.1
11.972,-240.6,-634.4
11.989,-264.9,-624.8
12.005,-290.7,-614.2
12.022,-311.7,-604.0
12.039,-333.0,-593.3
12.055,-351.5,-583.5
12.072,-366.8,-574.0
12.088,-381.1,-565.2
12.105,-393.3,-557.2
12.122,-403.5,-550.3
12.138,-412.4,-544.4
12.155,-418.1,-539.9
12.172,-422.5,-536.8
12.188,-425.0,-535.1
12.205,-425.4,-534.8
12.222,-423.8,-535.8
12.238,-421.0,-538.4
12.255,-415.6,-542.3
12.272,-408.3,-547.2
12.288,-399.0,-553.9
12.305,-388.2,-561.3
12.322,-375.0,-569.4
12.338,-360.3,-578.5
12.355,-343.1,-588.1
12.372,-324.3,-598.0
12.388,-302.5,-608.8
12.405,-280.3,-619.1
12.421,-255.6,-629.1
12.438,-230.6,-638.3
12.455,-202.6,-647.2
12.471,-173.8,-655.1
12.488,-143.3,-662.1
12.505,-112.4,-668.0
12.521,-81.97,-672.2
12.538,-50.02,-675.2
12.555,-10.85,-676.2
12.571,20.58,-675.7
12.588,53.76,-674.5
12.605,85.29,-671.3
12.621,115.6,-666.9
12.638,146.6,-661.1
12.655,176.0,-654.0
12.671,203.8,-646.0
12.688,231.1,-637.0
12.705,256.3,-627.5
12.721,280.7,-617.5
12.738,302.2,-606.9
12.754,323.3,-596.5
12.771,340.4,-586.3
12.788,356.9,-576.2
12.804,372.7,-566.4
12.821,385.2,-557.8
12.838,397.8,-549.3
12.854,406.9,-542.5
12.871,414.7,-536.2
12.888,420.8,-531.4
12.904,424.9,-527.9
12.921,427.3,-526.0
12.938,428.0,-525.5
12.954,427.3,-526.0
12.971,424.7,-528.1
12.988,420.5,-531.5
13.004,414.5,-536.2
13.021,406.5,-542.2
13.038,397.0,-549.2
13.054,385.8,-557.1
13.071,372.7,-565.8
13.088,357.7,-575.4
13.104,341.4,-585.5
13.121,321.7,-596.0
13.137,302.6,-606.4
13.154,279.5,-616.9
13.171,255.6,-627.2
13.187,229.6,-636.8
13.204,202.1,-646.0
13.221,174.3,-654.0
13.237,143.8,-660.9
13.254,113.1,-667.0
13.271,83.16,-671.4
13.287,51.38,-674.2
13.304,18.48,-676.0
13.321,-12.79,-676.1
13.337,-44.68,-674.5
13.354,-77.35,-671.4
13.371,-109.4,-666.9
13.387,-140.0,-661.3
13.404,-169.3,-654.5
13.421,-198.4,-646.6
13.437,-224.8,-637.9
13.454,-249.6,-628.7
13.470,-273.4,-619.1
13.487,-295.1,-609.4
13.504,-316.2,-599.2
13.520,-334.0,-589.8
13.537,-348.9,-580.2
13.554,-364.2,-571.8
13.570,-375.8,-563.9
13.587,-386.1,-557.0
13.604,-401.4,-553.2
13.620,-407.8,-549.0
13.637,-412.3,-545.9
13.654,-414.8,-544.1
13.670,-415.4,-543.5
13.687,-414.3,-544.3
13.704,-411.7,-546.4
13.720,-406.4,-549.8
13.737,-399.7,-554.7
13.754,-391.0,-560.4
13.770,-380.6,-567.3
13.787,-367.9,-574.8
13.803,-353.9,-583.6
13.820,-337.8,-592.6
13.837,-318.7,-602.2
13.853,-298.9,-612.0
13.870,-275.9,-621.9
13.887,-253.2,-631.3
13.903,-228.4,-640.3
13.920,-200.6,-649.2
13.937,-173.2,-656.2
13.953,-143.3,-663.2
13.970,-113.0,-669.0
13.987,-82.67,-673.2
14.003,-51.94,-676.2
14.020,-22.04,-677.5
14.037,10.82,-677.8
14.053,43.22,-676.5
14.070,74.13,-674.0
14.087,104.4,-670.1
14.103,134.7,-664.9
14.120,164.0,-658.3
14.137,192.3,-650.7
14.153,218.2,-642.3
14.170,242.6,-633.4
14.186,266.0,-623.7
14.203,287.5,-614.2
14.220,307.8,-604.3
14.236,325.4,-594.2
14.253,341.5,-584.6
14.270,355.7,-575.5
14.286,368.6,-566.6
14.303,381.8,-559.1
14.320,392.1,-552.4
14.336,400.0,-546.9
14.353,405.5,-542.1
14.370,409.0,-538.6
14.386,411.4,-536.4
14.403,412.3,-535.6
14.420,412.0,-536.0
14.436,409.7,-538.1
14.453,405.7,-541.2
14.470,400.0,-545.4
14.486,393.0,-550.7
14.503,383.5,-557.5
14.519,372.0,-565.1
14.536,359.0,-573.3
14.553,344.6,-582.5
14.569,328.3,-592.3
14.586,310.8,-601.9
14.603,291.3,-611.8
14.619,270.0,-621.7
14.636,246.9,-631.5
14.653,222.1,-640.7
14.669,196.3,-649.2
14.686,169.1,-656.8
14.703,140.2,-663.4
14.719,109.8,-669.2
14.736,79.09,-673.3
14.753,49.82,-676.3
14.769,17.84,-677.8
14.786,-13.19,-678.0
14.803,-43.43,-676.8
14.819,-75.09,-674.0
14.836,-106.3,-670.2
14.852,-135.0,-664.9
14.869,-165.0,-658.3
14.886,-193.5,-651.3
14.902,-219.0,-643.0
14.919,-244.2,-634.2
14.936,-267.1,-625.1
14.952,-288.9,-615.7
14.969,-309.2,-606.4
14.986,-327.1,-597.2
15.002,-344.1,-588.5
15.019,-358.1,-580.3
15.036,-371.1,-572.7
15.052,-381.3,-566.5
15.069,-389.9,-561.0
15.086,-396.3,-556.8
15.102,-401.0,-553.7
15.119,-404.1,-551.8
15.136,-404.9,-551.2
15.152,-404.0,-551.9
15.169,-401.1,-554.1
15.186,-396.4,-557.3
15.202,-389.4,-561.8
15.219,-381.1,-567.4
15.235,-370.2,-574.0
15.252,-358.1,-581.2
15.269,-343.9,-588.9
15.285,-328.9,-597.6
15.302,-311.9,-606.1
15.319,-290.2,-615.9
15.335,-269.2,-624.9
15.352,-246.2,-634.3
15.369,-222.3,-642.4
15.385,-196.7,-650.6
15.402,-167.9,-657.8
15.419,-139.9,-664.3
15.435,-112.4,-669.5
15.452,-81.13,-673.5
15.469,-50.05,-676.4
15.485,-19.32,-677.9
15.502,11.02,-678.1
15.519,43.02,-677.0
15.535,73.47,-674.5
15.552,104.2,-670.4
15.568,132.8,-665.7
15.585,160.2,-659.3
15.602,186.4,-652.5
15.618,212.8,-644.3
15.635,236.1,-635.5
15.652,258.9,-626.4
15.668,279.9,-617.1
15.685,298.9,-607.7
15.702,316.6,-598.6
15.718,333.6,-589.2
15.735,348.4,-580.4
15.752,360.5,-572.6
15.768,371.7,-565.3
15.785,380.8,-559.0
15.802,388.8,-553.5
15.818,394.6,-549.2
15.835,399.1,-545.9
15.852,401.4,-544.1
15.868,402.3,-543.4
15.885,402.1,-543.8
15.901,399.0,-545.6
15.918,394.8,-548.5
15.935,389.6,-552.5
15.951,382.4,-557.9
15.968,372.8,-564.1
15.985,361.6,-571.5
16.001,349.4,-579.2
16.018,334.9,-588.0
16.035,318.8,-596.8
16.051,300.8,-606.6
16.068,282.6,-615.8
16.085,261.1,-625.4
16.101,238.0,-634.6
16.118,214.7,-642.9
16.135,189.6,-651.1
16.151,162.8,-658.6
16.168,134.8,-664.8
16.185,106.1,-669.9
16.201,76.81,-674.0
16.218,44.97,-676.8
16.235,12.94,-678.2
16.251,-17.25,-678.2
16.268,-44.34,-677.0
16.284,-75.70,-674.4
16.301,-104.1,-670.4
16.318,-132.1,-665.9
16.334,-160.4,-659.2
16.351,-187.9,-652.3
16.368,-214.3,-644.4
16.384,-237.9,-636.0
16.401,-262.0,-627.4
16.418,-281.7,-619.1
16.434,-301.3,-609.8
16.451,-319.1,-601.3
16.468,-335.2,-592.9
16.484,-350.0,-585.6
16.501,-361.5,-578.4
16.518,-371.9,-572.4
16.534,-380.0,-567.3
16.551,-386.6,-563.5
16.568,-391.3,-560.3
16.584,-393.8,-558.7
16.601,-394.2,-558.3
16.617,-393.2,-559.1
16.634,-390.4,-561.1
16.651,-385.0,-564.2
16.667,-378.3,-568.5
16.684,-369.7,-573.8
16.701,-359.1,-580.3
16.717,-346.6,-587.3
16.734,-332.7,-594.6
16.751,-317.0,-602.9
16.767,-299.6,-611.5
16.784,-279.4,-620.2
16.801,-259.0,-628.3
16.817,-235.6,-637.3
16.834,-211.1,-645.1
16.851,-185.4,-653.2
16.867,-158.8,-660.1
16.884,-131.6,-665.4
16.901,-103.7,-670.1
16.917,-72.97,-674.2
16.934,-47.21,-676.5
16.950,-17.31,-677.5
16.967,12.93,-677.5
16.984,43.66,-676.8
17.000,74.63,-673.9
17.017,103.1,-670.4
17.034,130.6,-665.2
17.050,158.0,-659.2
17.067,183.8,-653.0
17.084,208.8,-645.3
17.100,232.6,-637.1
17.117,254.0,-628.6
17.134,274.3,-619.4
17.150,293.3,-610.4
17.167,311.1,-601.3
17.184,326.8,-592.8
17.200,340.7,-584.8
17.217,353.0,-577.3
17.234,364.6,-570.4
17.250,373.2,-564.5
17.267,380.9,-559.2
17.283,386.1,-555.3
17.300,390.0,-552.4
17.317,391.8,-550.5
17.333,392.8,-550.1
17.350,392.0,-550.8
17.367,388.9,-552.5
17.383,384.7,-555.5
17.400,379.4,-559.9
17.417,371.8,-564.9
17.433,362.6,-571.2
17.450,351.9,-578.1
17.467,338.5,-585.6
17.483,325.3,-593.8
17.500,308.8,-602.6
17.517,291.9,-611.4
17.533,272.6,-620.4
17.550,252.2,-629.2
17.567,230.1,-637.8
17.583,205.4,-646.3
17.600,180.1,-653.7
17.617,153.9,-660.4
17.633,126.3,-666.2
17.650,96.44,-670.6
17.666,67.83,-674.2
17.683,38.06,-676.5
17.700,9.124,-677.3
17.716,-20.50,-677.2
17.733,-51.11,-675.4
17.750,-77.12,-673.1
17.766,-107.0,-669.2
17.783,-134.8,-664.4
17.800,-160.7,-658.4
17.816,-186.9,-651.4
17.833,-212.6,-644.3
17.850,-235.7,-636.5
17.866,-256.5,-628.3
17.883,-276.5,-619.9
17.900,-295.6,-611.3
17.916,-312.4,-603.5
17.933,-327.7,-595.9
17.950,-341.0,-589.0
17.966,-352.5,-582.0
17.983,-361.8,-576.8
17.999,-369.4,-572.2
18.016,-374.5,-568.7
18.033,-378.6,-565.9
18.049,-380.3,-564.7
18.066,-380.7,-564.3
18.083,-379.0,-565.5
18.099,-375.7,-567.6
18.116,-370.7,-570.6
18.133,-364.3,-574.8
18.149,-355.5,-580.4
18.166,-345.1,-586.6
18.183,-333.0,-593.2
18.199,-319.8,-600.6
18.216,-303.2,-608.4
18.233,-285.9,-616.4
18.249,-266.5,-624.3
18.266,-246.0,-632.4
18.283,-224.2,-640.5
18.299,-200.0,-648.1
18.316,-175.0,-655.0
18.332,-149.7,-661.2
18.349,-123.7,-666.6
18.366,-96.73,-670.6
18.382,-66.18,-673.9
18.399,-38.40,-676.3
18.416,-8.537,-677.2
18.432,20.54,-676.9
18.449,49.28,-675.3
18.466,78.86,-672.6
18.482,106.9,-669.0
18.499,133.0,-664.3
18.516,161.7,-657.9
18.532,184.8,-651.5
18.549,209.3,-644.4
18.566,232.1,-636.5
18.582,253.0,-628.3
18.599,271.7,-619.3
18.616,290.8,-611.0
18.632,307.9,-602.9
18.649,322.7,-594.9
18.666,336.9,-587.5
18.682,348.3,-580.5
18.699,358.6,-574.1
18.715,366.6,-568.7
18.732,373.8,-564.0
18.749,378.8,-560.4
18.765,382.4,-558.0
18.782,383.9,-556.6
18.799,384.2,-556.4
18.815,383.0,-557.3
18.832,380.2,-559.4
18.849,375.6,-562.5
18.865,369.8,-566.8
18.882,362.2,-571.7
18.899,352.4,-577.9
18.915,340.8,-584.8
18.932,327.7,-592.2
18.949,313.4,-600.3
18.965,296.5,-608.7
18.982,278.9,-617.0
18.999,259.7,-625.3
19.015,240.0,-633.9
19.032,216.7,-642.0
19.048,193.1,-649.5
19.065,168.5,-656.5
19.082,141.0,-662.7
19.098,114.5,-667.6
19.115,88.49,-671.9
19.132,60.07,-675.0
19.148,29.90,-676.5
19.165,1.214,-677.4
19.182,-25.95,-676.9
19.198,-56.37,-675.2
19.215,-84.55,-672.4
19.232,-112.4,-668.6
19.248,-138.0,-663.9
19.265,-164.5,-658.0
19.282,-190.0,-651.3
19.298,-214.1,-644.2
19.315,-237.2,-636.4
19.332,-258.2,-628.5
19.348,-277.9,-620.7
19.365,-294.2,-612.9
19.381,-310.7,-605.2
19.398,-324.1,-598.2
19.415,-337.4,-591.7
19.431,-347.5,-585.5
19.448,-356.1,-580.6
19.465,-362.8,-576.2
19.481,-367.7,-573.2
19.498,-371.3,-571.2
19.515,-372.8,-570.1
19.531,-372.3,-570.5
19.548,-370.1,-571.7
19.565,-366.6,-574.0
19.581,-359.9,-577.7
19.598,-353.4,-581.9
19.615,-343.4,-587.3
19.631,-333.4,-593.5
19.648,-320.1,-600.3
19.665,-306.2,-607.3
19.681,-289.8,-615.1
19.698,-273.2,-622.5
19.715,-254.3,-630.3
19.731,-232.2,-638.3
19.748,-210.3,-645.5
19.764,-186.3,-652.5
19.781,-160.3,-659.0
19.798,-134.1,-664.8
19.814,-108.9,-669.5
19.831,-80.49,-672.8
19.848,-52.20,-675.7
19.864,-23.82,-677.6
19.881,4.094,-677.9
19.898,32.90,-677.3
19.914,60.98,-675.1
19.931,88.79,-672.5
19.948,115.2,-668.5
19.964,140.8,-663.4
19.981,166.0,-657.6
19.998,189.4,-651.1
20.014,211.5,-644.2
20.031,233.6,-636.4
20.048,254.1,-628.4
20.064,271.9,-620.6
20.081,289.0,-612.3
20.097,303.8,-604.6
20.114,318.6,-597.1
20.131,331.7,-589.7
20.147,342.1,-583.2
20.164,351.2,-577.9
20.181,359.1,-572.9
20.197,365.0,-569.0
20.214,369.4,-566.1
20.231,372.4,-564.2
20.247,373.6,-563.3
20.264,373.2,-563.6
20.281,371.4,-564.5
20.297,368.5,-567.1
20.314,363.1,-570.2
20.331,356.4,-574.4
20.347,348.1,-579.9
20.364,338.5,-586.0
20.381,326.5,-592.8
20.397,313.7,-600.0
20.414,299.0,-607.7
20.430,283.0,-615.4
20.447,265.2,-623.6
20.464,246.5,-631.5
20.480,225.4,-639.3
20.497,204.1,-646.8
20.514,179.8,-653.6
20.530,155.6,-659.8
20.547,129.3,-665.5
20.564,103.3,-670.0
20.580,76.80,-673.5
20.597,48.69,-676.0
20.614,19.78,-677.5
20.630,-7.800,-677.7
20.647,-37.46,-676.7
20.664,-65.45,-674.5
20.680,-91.99,-671.2
20.697,-119.2,-667.3
20.714,-145.1,-662.0
20.730,-170.0,-656.5
20.747,-193.6,-649.9
20.764,-216.6,-642.8
20.780,-238.3,-635.6
20.797,-257.9,-628.2
20.813,-277.2,-620.4
20.830,-293.4,-612.9
20.847,-308.5,-606.1
20.863,-323.7,-599.3
20.880,-334.7,-593.4
20.897,-344.4,-588.1
20.913,-353.0,-583.6
20.930,-359.0,-580.1
20.947,-363.6,-577.7
20.963,-366.1,-576.1
20.980,-366.8,-575.6
20.997,-365.8,-576.1
21.013,-362.9,-577.9
21.030,-358.3,-580.7
21.047,-352.2,-584.2
21.063,-343.4,-588.8
21.080,-333.6,-594.4
21.097,-321.7,-600.0
21.113,-307.6,-607.0
21.130,-292.3,-614.3
21.146,-274.9,-621.4
21.163,-256.6,-628.9
21.180,-236.5,-636.3
21.196,-215.5,-643.3
21.213,-192.7,-650.5
21.230,-168.0,-656.9
21.246,-145.1,-662.6
21.263,-119.7,-667.5
21.280,-93.24,-671.3
21.296,-67.13,-674.5
21.313,-38.86,-676.5
21.330,-12.67,-677.5
21.346,16.75,-677.2
21.363,44.78,-676.2
21.380,71.05,-674.0
21.396,97.25,-670.9
21.413,123.4,-666.6
21.430,148.4,-661.3
21.446,172.6,-655.6
21.463,195.1,-649.2
21.479,216.7,-642.1
21.496,237.4,-634.7
21.513,256.4,-627.1
21.529,274.1,-619.2
21.546,290.5,-611.7
21.563,304.5,-604.7
21.579,317.0,-597.9
21.596,330.5,-591.1
21.613,339.8,-585.3
21.629,348.4,-580.0
21.646,354.8,-576.0
21.663,358.9,-572.5
21.679,362.7,-570.1
21.696,364.2,-568.6
21.713,365.5,-568.2
21.729,364.6,-568.9
21.746,361.6,-570.6
21.763,357.8,-573.4
21.779,352.2,-577.2
21.796,345.0,-581.5
21.813,336.6,-587.0
21.829,325.1,-593.3
21.846,313.4,-599.4
21.862,299.4,-606.6
21.879,284.7,-614.1
21.896,267.1,-621.8
21.912,248.9,-629.5
21.929,229.4,-637.1
21.946,209.6,-644.5
21.962,187.5,-651.4
21.979,163.5,-657.9
21.996,139.0,-663.5
22.012,114.3,-668.3
22.029,88.23,-672.2
22.046,60.04,-675.0
22.062,32.24,-677.0
22.079,5.725,-677.9
22.096,-22.47,-677.5
22.112,-47.76,-675.9
22.129,-75.28,-673.5
22.146,-101.4,-669.9
22.162,-127.4,-665.8
22.179,-151.5,-660.9
22.195,-176.0,-655.0
22.212,-200.2,-648.5
22.229,-222.8,-641.6
22.245,-242.2,-634.5
22.262,-260.4,-627.2
22.279,-277.6,-620.2
22.295,-293.4,-613.4
22.312,-306.4,-606.9
22.329,-320.0,-601.1
22.345,-329.6,-595.9
22.362,-340.2,-591.5
22.379,-347.0,-587.6
22.395,-351.8,-585.0
22.412,-354.8,-582.9
22.429,-356.2,-582.1
22.445,-356.1,-582.2
22.462,-354.2,-583.3
22.479,-350.7,-585.2
22.495,-345.2,-588.2
22.512,-338.1,-592.0
22.528,-328.7,-597.0
22.545,-318.4,-602.5
22.562,-306.0,-608.2
22.578,-291.5,-614.9
22.595,-276.6,-621.4
22.612,-258.6,-628.3
22.628,-240.3,-635.3
22.645,-220.4,-642.2
22.662,-198.5,-649.1
22.678,-175.9,-655.1
22.695,-151.6,-661.0
22.712,-126.4,-665.9
22.728,-101.2,-670.3
22.745,-74.81,-673.6
22.762,-48.71,-676.0
22.778,-21.89,-677.5
22.795,4.922,-677.7
22.812,31.28,-677.2
22.828,58.26,-675.3
22.845,84.54,-672.5
22.862,110.1,-668.9
22.878,135.5,-664.5
22.895,159.1,-659.6
22.911,181.0,-653.3
22.928,202.6,-646.8
22.945,223.1,-640.1
22.961,241.4,-632.9
22.978,260.3,-625.6
22.995,276.1,-618.4
23.011,291.1,-611.4
23.028,304.3,-604.6
23.045,316.1,-598.3
23.061,326.9,-592.2
23.078,335.8,-587.2
23.095,343.2,-583.0
23.111,348.8,-579.4
23.128,353.0,-576.4
23.145,355.5,-574.6
23.161,357.1,-573.8
23.178,356.6,-574.2
23.195,354.6,-575.4
23.211,351.1,-577.4
23.228,346.2,-580.5
23.244,340.0,-584.2
23.261,332.0,-589.0
23.278,322.6,-594.8
23.294,311.7,-600.9
23.311,298.9,-607.5
23.328,284.5,-614.0
23.344,268.7,-621.5
23.361,252.2,-628.5
23.378,233.1,-636.2
23.394,213.7,-643.0
23.411,192.7,-650.1
23.428,170.0,-656.2
23.444,146.2,-662.1
23.461,123.2,-667.1
23.478,97.18,-671.1
23.494,71.41,-674.5
23.511,45.15,-676.6
23.528,18.58,-677.5
23.544,-9.424,-677.8
23.561,-36.20,-677.1
23.577,-61.73,-674.9
23.594,-87.51,-672.3
23.611,-112.9,-668.5
23.627,-138.2,-663.8
23.644,-161.5,-658.8
23.661,-184.9,-653.1
23.677,-206.0,-646.9
23.694,-227.3,-640.4
23.711,-246.2,-633.5
23.727,-262.3,-627.0
23.744,-278.9,-620.3
23.761,-293.3,-613.8
23.777,-306.1,-608.1
23.794,-316.7,-603.1
23.811,-326.1,-598.2
23.827,-334.1,-594.3
23.844,-340.0,-591.3
23.861,-344.7,-589.1
23.877,-346.5,-587.9
23.894,-346.9,-587.7
23.911,-345.8,-588.1
23.927,-342.7,-589.9
23.944,-337.8,-592.5
23.960,-331.0,-595.8
23.977,-323.3,-600.2
23.994,-313.5,-604.6
24.010,-301.6,-610.2
24.027,-288.4,-616.1
24.044,-273.8,-622.5
24.060,-257.3,-628.9
24.077,-240.0,-635.6
24.094,-220.4,-642.1
24.110,-200.1,-648.5
24.127,-178.4,-654.4
24.144,-155.4,-659.8
24.160,-132.9,-664.6
24.177,-107.8,-669.4
24.194,-82.32,-672.9
24.210,-56.13,-675.1
24.227,-30.10,-676.9
24.244,-4.642,-677.6
24.260,21.45,-677.3
24.277,46.74,-676.2
24.293,73.39,-674.0
24.310,98.58,-670.7
24.327,123.1,-666.6
24.343,146.3,-661.7
24.360,170.1,-656.4
24.377,190.4,-650.3
24.393,210.1,-643.8
24.410,229.9,-637.2
24.427,249.1,-630.3
24.443,266.0,-623.5
24.460,281.4,-616.6
24.477,294.7,-610.0
24.493,306.9,-603.9
24.510,317.4,-598.2
24.527,327.2,-592.9
24.543,334.9,-588.6
24.560,341.6,-584.9
24.577,345.9,-582.0
24.593,349.3,-580.1
24.610,350.9,-579.1
24.626,351.1,-579.1
24.643,349.7,-579.9
24.660,346.8,-581.4
24.676,342.5,-584.2
24.693,336.7,-587.4
24.710,329.7,-592.0
24.726,321.1,-597.0
24.743,310.1,-602.7
24.760,298.2,-608.9
24.776,285.0,-615.4
24.793,269.8,-622.2
24.810,251.7,-629.2
24.826,233.9,-636.0
24.843,214.5,-642.8
24.860,192.8,-650.0
24.876,172.0,-656.0
24.893,149.3,-661.5
24.910,127.1,-666.3
24.926,102.9,-670.4
24.943,77.31,-673.7
24.960,52.85,-676.3
24.976,24.14,-677.6
24.993,-2.442E-3,-678.0
25.009,-26.64,-677.6
25.026,-50.47,-676.3
25.043,-75.40,-673.8
25.059,-101.1,-670.3
25.076,-126.4,-666.2
25.093,-150.4,-661.5
25.109,-172.0,-655.9
25.126,-195.0,-650.3
25.143,-214.0,-644.0
25.159,-233.4,-637.9
25.176,-251.0,-631.4
25.193,-267.1,-625.3
25.209,-281.0,-619.2
25.226,-295.2,-613.5
25.243,-306.2,-608.4
25.259,-315.5,-603.8
25.276,-323.2,-600.1
25.293,-329.6,-596.9
25.309,-334.2,-594.6
25.326,-337.2,-593.4
25.342,-337.9,-592.8
25.359,-337.4,-593.0
25.376,-335.0,-594.3
25.392,-331.1,-596.3
25.409,-325.3,-599.2
25.426,-317.9,-603.0
25.442,-309.0,-607.4
25.459,-298.2,-612.3
25.476,-285.0,-618.0
25.492,-271.5,-623.8
25.509,-255.5,-630.1
25.526,-239.0,-636.3
25.542,-221.5,-642.6
25.559,-201.0,-648.3
25.576,-179.9,-654.3
25.592,-157.5,-659.8
