,mass A,,
t,x,y,
0.000,-391.2,-555.7
0.017,-383.6,-561.9
0.033,-374.1,-568.6
0.050,-364.8,-575.6
0.067,-351.3,-583.7
0.083,-338.4,-590.8
0.100,-321.0,-600.6
0.117,-304.0,-610.7
0.134,-284.4,-620.8
0.150,-262.2,-630.8
0.167,-238.3,-640.7
0.184,-212.9,-649.7
0.200,-185.4,-658.6
0.217,-157.4,-666.7
0.234,-127.3,-674.7
0.250,-96.36,-680.5
0.267,-66.65,-685.1
0.284,-33.76,-687.8
0.301,-3.405,-688.7
0.317,29.31,-688.8
0.334,60.10,-686.6
0.351,90.97,-682.8
0.367,122.6,-678.5
0.384,153.0,-672.6
0.401,182.3,-665.1
0.417,211.3,-656.4
0.434,238.9,-647.5
0.451,264.4,-638.0
0.467,289.5,-627.8
0.484,311.5,-618.3
0.501,332.0,-608.2
0.518,350.6,-598.1
0.534,356.2,-587.8
0.551,370.0,-578.9
0.568,381.7,-570.7
0.584,392.3,-563.7
0.601,400.6,-557.1
0.618,407.2,-552.7
0.634,412.0,-549.4
0.651,414.5,-547.6
0.668,414.8,-547.0
0.685,413.6,-548.0
0.701,411.0,-550.5
0.718,406.5,-554.5
0.735,399.2,-559.6
0.751,389.6,-566.1
0.768,379.1,-573.0
0.785,367.2,-582.3
0.801,352.7,-591.4
0.818,335.4,-601.0
0.835,316.8,-611.0
0.852,296.9,-621.5
0.868,275.0,-631.7
0.885,250.8,-641.3
0.902,226.0,-650.5
0.918,199.4,-659.5
0.935,171.0,-667.6
0.952,141.0,-674.5
0.968,110.1,-679.9
0.985,80.51,-684.3
1.002,48.06,-686.8
1.018,15.91,-688.4
1.035,-14.13,-688.4
1.052,-45.44,-686.7
1.069,-75.68,-683.9
1.085,-104.2,-679.5
1.102,-134.5,-673.7
1.119,-162.0,-666.9
1.135,-188.5,-659.8
1.152,-209.8,-652.5
1.169,-232.5,-644.9
1.185,-252.7,-636.4
1.202,-270.4,-628.6
1.219,-286.5,-620.7
1.236,-302.8,-611.7
1.252,-315.5,-604.7
1.269,-328.4,-596.8
1.286,-337.9,-590.7
1.302,-346.0,-584.7
1.319,-352.2,-580.7
1.336,-356.3,-577.6
1.352,-360.4,-574.9
1.369,-361.9,-573.7
1.386,-361.9,-573.7
1.402,-358.6,-575.6
1.419,-355.8,-577.6
1.436,-351.3,-580.9
1.453,-343.0,-585.4
1.469,-335.7,-590.7
1.486,-324.2,-597.6
1.503,-314.4,-603.9
1.519,-300.4,-611.8
1.536,-285.5,-619.7
1.553,-268.0,-627.6
1.569,-250.0,-635.7
1.586,-227.7,-644.8
1.603,-205.5,-652.6
1.620,-182.7,-659.6
1.636,-159.6,-665.9
1.653,-133.9,-672.8
1.670,-107.0,-677.8
1.686,-79.81,-682.5
1.703,-49.75,-685.8
1.720,-20.26,-687.8
1.736,7.403,-688.0
1.753,37.65,-687.6
1.770,65.18,-685.7
1.787,94.27,-682.3
1.803,122.8,-678.2
1.820,150.6,-672.9
1.837,176.5,-666.6
1.853,202.5,-659.2
1.870,228.2,-651.4
1.887,250.8,-643.7
1.903,272.8,-635.1
1.920,292.9,-626.7
1.937,303.9,-617.9
1.953,320.3,-609.6
1.970,335.7,-601.6
1.987,347.1,-594.5
2.004,358.4,-588.0
2.020,368.0,-582.4
2.037,374.5,-577.8
2.054,380.3,-574.3
2.070,382.9,-572.0
2.087,384.6,-570.9
2.104,383.7,-571.1
2.120,382.2,-572.0
2.137,378.3,-574.7
2.154,373.8,-578.4
2.171,366.2,-583.5
2.187,353.1,-588.9
2.204,344.0,-595.5
2.221,330.8,-603.6
2.237,316.4,-611.6
2.254,299.4,-619.8
2.271,281.1,-628.4
2.287,260.9,-636.9
2.304,239.5,-645.0
2.321,217.9,-653.4
2.337,193.0,-661.0
2.354,168.3,-668.0
2.371,142.1,-673.8
2.388,113.6,-679.4
2.404,84.65,-683.0
2.421,58.48,-686.7
2.438,28.85,-687.8
2.454,-0.655,-688.1
2.471,-26.51,-687.4
2.488,-55.41,-685.7
2.504,-81.93,-682.5
2.521,-107.9,-678.5
2.538,-133.3,-673.6
2.555,-158.5,-667.8
2.571,-180.6,-661.7
2.588,-200.9,-654.6
2.605,-220.7,-647.5
2.621,-240.3,-640.8
2.638,-257.3,-633.9
2.655,-272.0,-626.8
2.671,-284.1,-620.6
2.688,-295.5,-614.6
2.705,-306.4,-608.9
2.722,-315.3,-603.9
2.738,-321.4,-599.7
2.755,-326.1,-596.5
2.772,-330.7,-593.9
2.788,-331.7,-592.5
2.805,-333.3,-591.9
2.822,-331.6,-592.9
2.838,-328.0,-594.5
2.855,-325.0,-596.7
2.872,-318.3,-600.7
2.888,-311.0,-604.6
2.905,-303.4,-608.9
2.922,-292.1,-614.7
2.939,-279.3,-621.7
2.955,-265.8,-628.5
2.972,-251.3,-634.7
2.989,-234.3,-641.6
3.005,-215.8,-648.4
3.022,-197.3,-654.7
3.039,-176.9,-660.7
3.055,-153.7,-667.7
3.072,-131.1,-672.6
3.089,-105.9,-677.8
3.106,-81.80,-681.7
3.122,-56.25,-684.8
3.139,-29.74,-686.3
3.156,-2.541,-688.0
3.172,18.93,-686.5
3.189,52.95,-686.7
3.206,75.50,-683.9
3.222,101.9,-680.6
3.239,127.6,-676.2
3.256,152.4,-671.5
3.272,175.2,-665.5
3.289,198.2,-658.8
3.306,219.2,-652.3
3.323,237.8,-645.0
3.339,258.1,-637.4
3.356,273.8,-630.6
3.373,289.0,-623.7
3.389,302.6,-616.8
3.406,313.3,-610.7
3.423,328.8,-605.5
3.439,338.2,-600.3
3.456,340.2,-595.9
3.473,346.6,-592.8
3.490,352.0,-590.6
3.506,354.7,-589.5
3.523,355.0,-589.5
3.540,350.2,-590.0
3.556,346.9,-591.9
3.573,342.1,-594.8
3.590,335.3,-598.9
3.606,328.2,-603.5
3.623,316.9,-608.9
3.640,305.1,-614.9
3.657,292.2,-621.7
3.673,277.7,-628.7
3.690,261.2,-635.8
3.707,242.3,-642.9
3.723,223.3,-650.6
3.740,202.5,-657.6
3.757,181.1,-663.9
3.773,157.3,-670.1
3.790,131.8,-675.0
3.807,107.2,-679.5
3.823,81.90,-683.1
3.840,56.52,-685.5
3.857,30.06,-687.1
3.874,4.731,-687.4
3.890,-21.38,-687.5
3.907,-48.66,-685.8
3.924,-72.59,-683.8
3.940,-93.45,-680.6
3.957,-116.8,-676.4
3.974,-139.8,-671.5
3.990,-161.6,-666.0
4.007,-182.5,-659.9
4.024,-198.9,-654.6
4.041,-216.0,-648.7
4.057,-231.8,-642.6
4.074,-246.9,-636.6
4.091,-260.3,-630.8
4.107,-270.8,-625.5
4.124,-281.7,-620.6
4.141,-289.5,-616.7
4.157,-295.1,-613.5
4.174,-302.3,-609.8
4.191,-305.9,-607.6
4.207,-307.8,-606.6
4.224,-307.9,-606.5
4.241,-307.9,-606.7
4.258,-305.8,-607.6
4.274,-300.1,-610.6
4.291,-295.0,-613.5
4.308,-290.0,-616.7
4.324,-282.0,-620.8
4.341,-271.2,-625.7
4.358,-260.8,-630.9
4.374,-247.0,-636.5
4.391,-232.9,-642.3
4.408,-216.9,-648.5
4.425,-200.6,-654.5
4.441,-183.0,-659.8
4.458,-163.5,-665.6
4.475,-143.0,-670.9
4.491,-117.5,-676.0
4.508,-94.88,-679.2
4.525,-72.57,-683.6
4.541,-48.91,-685.9
4.558,-27.93,-687.5
4.575,-1.598,-688.0
4.591,22.90,-687.8
4.608,48.95,-686.8
4.625,73.80,-685.0
4.642,97.36,-681.6
4.658,120.5,-678.1
4.675,142.6,-673.8
4.692,160.3,-668.7
4.708,186.7,-663.3
4.725,206.6,-657.6
4.742,226.4,-651.4
4.758,243.6,-645.6
4.775,251.8,-638.9
4.792,266.0,-632.7
4.809,280.4,-627.3
4.825,290.0,-622.0
4.842,302.2,-617.5
4.859,307.7,-612.9
4.875,316.7,-609.7
4.892,320.7,-606.8
4.909,325.7,-605.5
4.925,327.6,-604.6
4.942,325.6,-604.0
4.959,324.8,-604.8
4.976,322.7,-606.6
4.992,315.8,-608.9
5.009,312.2,-612.3
5.026,303.5,-616.6
5.042,292.1,-620.9
5.059,282.3,-626.3
5.076,268.3,-631.6
5.092,254.2,-637.9
5.109,239.2,-644.2
5.126,221.2,-650.0
5.142,203.4,-655.7
5.159,184.7,-662.3
5.176,163.7,-667.5
5.193,142.3,-673.0
5.209,120.2,-677.2
5.226,98.37,-681.0
5.243,75.12,-684.0
5.259,50.86,-685.9
5.276,27.72,-687.1
5.293,6.943,-687.5
5.309,-16.28,-687.4
5.326,-40.32,-685.8
5.343,-62.11,-683.5
5.360,-89.11,-680.7
5.376,-111.2,-676.8
5.393,-131.4,-673.0
5.410,-148.8,-668.6
5.426,-167.1,-663.7
5.443,-184.8,-658.5
5.460,-200.9,-653.4
5.476,-215.3,-648.5
5.493,-228.2,-643.7
5.510,-240.4,-638.6
5.526,-253.0,-633.8
5.543,-260.9,-629.6
5.560,-270.0,-625.8
5.577,-276.3,-622.8
5.593,-279.7,-620.5
5.610,-283.3,-618.7
5.627,-285.2,-617.6
5.643,-285.0,-617.5
5.660,-284.7,-617.5
5.677,-283.1,-618.7
5.693,-279.2,-620.7
5.710,-275.1,-622.8
5.727,-266.7,-626.5
5.744,-260.0,-629.8
5.760,-250.9,-633.8
5.777,-240.3,-638.5
5.794,-226.7,-643.5
5.810,-214.5,-648.1
5.827,-199.1,-653.6
5.844,-183.5,-658.4
5.860,-166.4,-663.3
5.877,-149.1,-668.0
5.894,-129.5,-672.4
5.911,-111.1,-676.0
5.927,-89.54,-680.0
5.944,-69.31,-682.3
5.961,-46.59,-684.3
5.977,-23.95,-685.8
5.994,-1.247,-686.5
6.011,24.82,-686.3
6.027,46.39,-686.0
6.044,63.53,-684.1
6.061,85.26,-681.7
6.077,107.1,-678.6
6.094,128.0,-675.2
6.111,148.3,-671.0
6.128,167.6,-666.0
6.144,185.9,-661.0
6.161,203.5,-655.9
6.178,220.3,-650.4
6.194,234.6,-645.5
6.211,248.9,-640.3
6.228,260.8,-635.8
6.244,270.7,-630.9
6.261,279.3,-626.7
6.278,287.8,-623.0
6.295,294.2,-620.2
6.311,296.3,-617.8
6.328,300.2,-616.3
6.345,301.5,-615.7
6.361,301.8,-615.6
6.378,299.5,-616.1
6.395,297.7,-617.4
6.411,293.4,-619.9
6.428,287.1,-622.5
6.445,278.5,-626.0
6.461,269.8,-629.9
6.478,259.6,-634.7
6.495,248.3,-639.2
6.512,235.0,-644.4
6.528,220.4,-649.8
6.545,205.2,-655.0
6.562,190.2,-660.2
6.578,171.7,-664.9
6.595,151.6,-669.8
6.612,130.2,-674.0
6.628,112.7,-677.8
6.645,90.87,-680.7
6.662,67.25,-683.5
6.679,46.00,-685.3
6.695,22.11,-686.6
6.712,1.167,-687.0
6.729,-20.48,-686.4
6.745,-41.77,-685.4
6.762,-61.18,-684.0
6.779,-83.20,-681.5
6.795,-103.1,-678.8
6.812,-122.1,-675.6
6.829,-135.7,-671.6
6.846,-154.4,-667.9
6.862,-169.9,-663.9
6.879,-187.8,-659.4
6.896,-200.7,-654.8
6.912,-213.3,-650.4
6.929,-224.0,-646.4
6.946,-234.4,-642.5
6.962,-243.4,-639.3
6.979,-249.9,-636.3
6.996,-254.4,-633.6
7.012,-259.8,-631.4
7.029,-261.7,-630.1
7.046,-264.6,-629.3
7.063,-264.5,-629.4
7.079,-263.1,-629.6
7.096,-261.0,-630.5
7.113,-255.1,-632.1
7.129,-252.6,-634.3
7.146,-246.8,-637.4
7.163,-237.5,-640.0
7.179,-229.2,-643.4
7.196,-217.8,-647.0
7.213,-207.8,-651.4
7.230,-195.3,-655.4
7.246,-181.8,-659.6
7.263,-163.4,-663.8
7.280,-149.4,-667.5
7.296,-132.8,-671.7
7.313,-116.2,-675.2
7.330,-97.78,-678.5
7.346,-77.20,-681.0
7.363,-58.46,-683.3
7.380,-39.71,-685.4
7.396,-19.32,-686.2
7.413,0.848,-686.4
7.430,25.60,-686.4
7.447,42.89,-685.7
7.463,63.10,-684.1
7.480,87.00,-681.7
7.497,107.1,-679.2
7.513,124.7,-675.7
7.530,142.3,-672.4
7.547,162.0,-668.4
7.563,175.6,-664.4
7.580,191.6,-660.4
7.597,206.4,-655.8
7.614,219.8,-651.1
7.630,231.6,-647.0
7.647,242.9,-642.9
7.664,252.2,-639.3
7.680,260.9,-635.7
7.697,267.3,-632.9
7.714,273.0,-630.4
7.730,277.1,-628.6
7.747,279.5,-627.5
7.764,280.5,-626.9
7.781,280.5,-626.8
7.797,279.1,-627.5
7.814,276.0,-628.8
7.831,271.7,-630.6
7.847,266.0,-633.6
7.864,258.8,-636.4
7.881,250.4,-639.7
7.897,237.0,-643.9
7.914,226.4,-647.8
7.931,213.7,-652.1
7.947,200.2,-656.0
7.964,184.8,-661.0
7.981,171.2,-665.0
7.998,151.9,-669.3
8.014,134.6,-673.2
8.031,116.3,-677.1
8.048,96.87,-680.0
8.064,78.25,-682.6
8.081,58.43,-684.4
8.098,38.86,-685.8
8.114,14.18,-686.1
8.131,-1.788,-686.4
8.148,-21.51,-685.8
8.165,-38.80,-685.1
8.181,-57.00,-683.1
8.198,-78.79,-679.3
8.215,-93.01,-676.5
8.231,-110.1,-673.6
8.248,-127.8,-670.4
8.265,-145.4,-667.2
8.281,-162.0,-663.4
8.298,-176.0,-659.9
8.315,-186.7,-656.3
8.331,-198.6,-652.8
8.348,-208.1,-649.1
8.365,-216.5,-646.2
8.382,-224.7,-643.4
8.398,-231.2,-641.1
8.415,-235.3,-638.7
8.432,-239.9,-637.2
8.448,-242.7,-636.1
8.465,-243.0,-635.6
8.482,-242.9,-635.5
8.498,-240.8,-635.7
8.515,-238.4,-636.7
8.532,-236.5,-638.3
8.549,-231.2,-640.2
8.565,-224.5,-642.6
8.582,-218.4,-645.2
8.599,-209.2,-648.4
8.615,-197.5,-651.7
8.632,-187.6,-655.2
8.649,-174.4,-658.5
8.665,-161.8,-662.5
8.682,-148.9,-665.5
8.699,-135.6,-669.1
8.715,-119.6,-672.3
8.732,-101.9,-675.5
8.749,-83.08,-677.7
8.766,-69.52,-679.9
8.782,-45.72,-681.7
8.799,-28.87,-682.9
8.816,-8.798,-683.5
8.832,8.674,-683.7
8.849,26.69,-683.3
8.866,45.39,-682.5
8.882,63.08,-681.0
8.899,83.68,-679.3
8.916,102.7,-676.8
8.933,119.9,-673.9
8.949,134.9,-671.0
8.966,152.1,-667.3
8.983,168.3,-663.4
8.999,183.4,-659.7
9.016,190.8,-655.0
9.033,202.2,-651.7
9.049,213.7,-648.1
9.066,223.9,-644.9
9.083,231.5,-641.7
9.100,242.2,-639.2
9.116,245.3,-636.5
9.133,249.8,-634.7
9.150,253.5,-633.5
9.166,255.4,-632.4
9.183,256.3,-632.4
9.200,255.4,-632.5
9.216,253.6,-633.2
9.233,250.1,-634.5
9.250,245.5,-636.4
9.266,242.0,-639.1
9.283,233.7,-642.1
9.300,225.1,-645.1
9.317,214.8,-648.4
9.333,205.3,-652.1
9.350,193.1,-655.9
9.367,178.0,-659.6
9.383,165.4,-663.3
9.400,150.4,-667.4
9.417,133.8,-670.8
9.433,116.3,-674.3
9.450,99.29,-677.1
9.467,83.43,-679.5
9.484,65.61,-681.5
9.500,46.72,-683.2
9.517,29.56,-684.3
9.534,10.84,-684.5
9.550,-10.67,-684.3
9.567,-28.86,-684.1
9.584,-46.30,-683.1
9.600,-62.36,-681.7
9.617,-79.84,-679.2
9.634,-95.05,-677.3
9.650,-110.9,-674.5
9.667,-127.4,-672.0
9.684,-142.3,-668.9
9.701,-154.9,-665.5
9.717,-165.3,-662.6
9.734,-176.3,-659.4
9.751,-186.2,-656.3
9.767,-194.1,-653.5
9.784,-201.9,-650.3
9.801,-208.1,-648.3
9.817,-214.4,-646.3
9.834,-217.6,-644.5
9.851,-221.3,-643.3
9.868,-221.6,-642.7
9.884,-223.6,-642.4
9.901,-222.6,-642.6
9.918,-221.8,-643.0
9.934,-218.5,-644.2
9.951,-214.4,-645.4
9.968,-209.2,-647.3
9.984,-203.5,-649.5
10.001,-197.0,-652.1
10.018,-188.7,-654.9
10.035,-180.0,-657.9
10.051,-167.6,-660.6
10.068,-155.1,-663.5
10.085,-144.0,-667.0
10.101,-131.4,-670.0
10.118,-117.0,-673.0
10.135,-99.43,-675.4
10.151,-86.10,-678.0
10.168,-69.07,-680.1
10.185,-50.96,-681.5
10.201,-36.98,-683.0
10.218,-17.16,-683.5
10.235,4.051,-683.5
10.252,19.97,-683.6
10.268,37.72,-683.0
10.285,54.44,-682.2
10.302,71.77,-680.3
10.318,89.45,-678.6
10.335,105.0,-676.4
10.352,119.0,-674.1
10.368,135.4,-671.3
10.385,149.1,-668.3
10.402,165.4,-664.6
10.419,176.9,-661.3
10.435,186.5,-658.2
10.452,197.3,-655.1
10.469,206.7,-652.1
10.485,215.7,-649.2
10.502,225.0,-646.5
10.519,229.8,-644.0
10.535,235.4,-642.4
10.552,238.3,-641.2
10.569,240.7,-640.3
10.585,243.2,-639.6
10.602,243.3,-639.6
10.619,240.8,-639.9
10.636,238.3,-641.1
10.652,235.1,-642.4
10.669,230.0,-644.1
10.686,224.7,-646.7
10.702,216.4,-649.2
10.719,207.1,-652.0
10.736,197.8,-655.0
10.752,187.8,-658.5
10.769,176.5,-661.5
10.786,163.9,-664.6
10.803,152.5,-667.4
10.819,138.6,-670.6
10.836,122.8,-673.4
10.853,106.0,-676.2
10.869,89.69,-678.6
10.886,71.13,-680.2
10.903,53.78,-682.2
10.919,38.24,-683.4
10.936,22.48,-683.7
10.953,0.829,-683.9
10.970,-16.11,-683.9
10.986,-32.17,-683.1
11.003,-47.81,-682.4
11.020,-63.61,-680.6
11.036,-79.20,-678.4
11.053,-95.57,-676.2
11.070,-109.0,-674.2
11.086,-121.0,-671.4
11.103,-134.6,-669.2
11.120,-148.4,-666.3
11.136,-157.1,-663.4
11.153,-166.5,-660.5
11.170,-175.8,-658.3
11.187,-186.4,-656.1
11.203,-192.9,-654.0
11.220,-198.1,-652.2
11.237,-200.7,-650.6
11.253,-204.2,-649.4
11.270,-206.2,-648.5
11.287,-208.6,-648.2
11.303,-208.7,-648.2
11.320,-206.6,-648.6
11.337,-205.5,-649.2
11.354,-202.6,-650.2
11.370,-197.0,-651.5
11.387,-191.7,-653.5
11.404,-185.1,-655.4
11.420,-177.7,-657.4
11.437,-169.6,-660.3
11.454,-160.3,-663.2
11.470,-149.0,-665.5
11.487,-138.7,-668.2
11.504,-127.1,-671.1
11.520,-112.3,-673.5
11.537,-97.25,-675.3
11.554,-82.75,-677.5
11.571,-68.04,-679.4
11.587,-55.01,-681.0
11.604,-38.15,-682.2
11.621,-22.99,-683.0
11.637,-8.731,-684.0
11.654,11.85,-683.4
11.671,27.54,-683.4
11.687,44.86,-682.5
11.704,61.18,-681.4
11.721,77.49,-679.6
11.738,89.53,-678.1
11.754,104.6,-676.0
11.771,121.0,-673.6
11.788,136.4,-670.5
11.804,147.0,-668.2
11.821,160.3,-665.2
11.838,172.5,-662.6
11.854,183.0,-659.5
11.871,193.6,-656.6
11.888,201.2,-654.1
11.905,207.8,-652.0
11.921,214.4,-650.3
11.938,220.0,-648.4
11.955,223.2,-647.1
11.971,226.0,-646.1
11.988,228.7,-645.4
12.005,228.9,-645.3
12.021,228.2,-645.3
12.038,225.8,-646.1
12.055,223.2,-647.4
12.071,219.8,-648.5
12.088,213.7,-650.4
12.105,206.6,-652.3
12.122,199.9,-654.5
12.138,191.1,-657.5
12.155,180.9,-660.3
12.172,170.1,-663.4
12.188,158.3,-666.3
12.205,147.0,-668.7
12.222,134.0,-671.4
12.238,118.0,-674.2
12.255,104.3,-676.3
12.272,90.18,-678.5
12.289,73.39,-680.0
12.305,57.63,-682.2
12.322,42.95,-682.6
12.339,26.55,-683.5
12.355,10.62,-683.7
12.372,-5.225,-683.3
12.389,-22.14,-683.0
12.405,-38.97,-682.2
12.422,-54.67,-681.1
12.439,-68.14,-680.0
12.455,-81.95,-678.2
12.472,-94.64,-676.1
12.489,-109.7,-674.1
12.506,-119.1,-671.5
12.522,-133.8,-669.2
12.539,-143.9,-667.2
12.556,-154.0,-665.0
12.572,-162.2,-663.0
12.589,-169.4,-661.1
12.606,-175.8,-659.1
12.622,-181.0,-657.2
12.639,-186.6,-656.0
12.656,-188.4,-654.6
12.673,-193.2,-653.9
12.689,-193.2,-653.3
12.706,-193.6,-653.4
12.723,-192.9,-653.3
12.739,-192.6,-654.0
12.756,-187.8,-654.5
12.773,-185.9,-656.1
12.789,-180.2,-657.4
12.806,-174.8,-659.2
12.823,-168.8,-661.1
12.839,-160.5,-663.3
12.856,-152.3,-665.2
12.873,-141.6,-667.3
12.890,-130.2,-669.4
12.906,-120.1,-672.0
12.923,-108.2,-674.1
12.940,-94.56,-675.6
12.956,-83.14,-678.1
12.973,-68.71,-680.1
12.990,-54.60,-681.2
13.006,-40.00,-682.2
13.023,-25.64,-683.0
13.040,-11.25,-684.2
13.057,4.773,-684.3
13.073,19.74,-684.4
13.090,35.99,-683.3
13.107,51.71,-682.5
13.123,64.10,-681.2
13.140,80.87,-679.4
13.157,92.14,-677.9
13.173,106.4,-676.0
13.190,122.0,-673.6
13.207,133.4,-671.4
13.224,143.8,-668.9
13.240,156.7,-666.5
13.257,165.8,-664.2
13.274,172.3,-662.0
13.290,181.5,-659.6
13.307,188.8,-657.6
13.324,195.7,-655.6
13.340,199.4,-654.1
13.357,203.2,-652.8
13.374,206.2,-651.9
13.390,208.3,-651.5
13.407,208.8,-651.2
13.424,208.5,-651.3
13.441,207.3,-651.7
13.457,204.9,-652.6
13.474,201.2,-653.6
13.491,196.5,-655.0
13.507,190.3,-656.9
13.524,183.2,-659.1
13.541,175.4,-661.2
13.557,167.3,-663.5
13.574,157.1,-666.2
13.591,147.0,-668.5
13.608,136.3,-670.7
13.624,123.3,-673.1
13.641,110.7,-675.5
13.658,97.70,-677.4
13.674,83.93,-679.2
13.691,71.52,-680.5
13.708,55.42,-682.2
13.724,40.45,-683.1
13.741,29.63,-683.5
13.758,11.62,-684.1
13.774,-3.055,-684.2
13.791,-18.82,-683.5
13.808,-34.12,-683.2
13.825,-48.40,-682.2
13.841,-61.90,-681.1
13.858,-75.17,-680.0
13.875,-87.12,-678.5
13.891,-98.67,-676.1
13.908,-109.3,-674.2
13.925,-122.5,-672.4
13.941,-132.1,-670.5
13.958,-141.4,-668.1
13.975,-149.3,-666.3
13.992,-156.5,-664.4
14.008,-163.7,-662.9
14.025,-168.0,-661.3
14.042,-172.9,-660.1
14.058,-177.6,-658.9
14.075,-179.2,-658.3
14.092,-180.5,-657.6
14.108,-181.0,-657.4
14.125,-180.5,-657.5
14.142,-180.1,-657.9
14.159,-177.0,-658.5
14.175,-173.8,-659.5
14.192,-169.3,-660.6
14.209,-164.9,-662.3
14.225,-158.8,-664.1
14.242,-151.2,-665.4
14.259,-143.3,-667.3
14.275,-135.2,-669.2
14.292,-125.2,-671.3
14.309,-114.9,-673.4
14.325,-104.3,-675.5
14.342,-93.00,-677.2
14.359,-81.48,-679.0
14.376,-66.85,-680.5
14.392,-53.04,-681.4
14.409,-39.92,-682.5
14.426,-28.54,-683.3
14.442,-13.65,-683.7
14.459,-1.611,-683.9
14.476,13.62,-683.7
14.492,31.59,-683.4
14.509,43.59,-683.0
14.526,58.30,-681.6
14.543,70.90,-680.3
14.559,84.12,-679.1
14.576,97.26,-677.3
14.593,109.9,-675.3
14.609,121.1,-673.2
14.626,131.6,-671.2
14.643,141.8,-669.1
14.659,151.1,-667.1
14.676,159.6,-665.1
14.693,167.4,-663.2
14.709,174.4,-661.4
14.726,181.5,-659.7
14.743,185.5,-658.3
14.760,189.0,-657.1
14.776,192.1,-656.4
14.793,195.9,-655.6
14.810,196.0,-655.4
14.826,196.0,-655.4
14.843,193.6,-655.9
14.860,192.5,-656.6
14.876,189.1,-657.5
14.893,185.2,-658.5
14.910,179.1,-660.1
14.927,171.6,-662.2
14.943,164.1,-663.9
14.960,156.5,-666.0
14.977,147.6,-668.2
14.993,137.3,-670.3
15.010,127.3,-672.3
15.027,116.9,-674.3
15.043,106.4,-676.4
15.060,93.34,-678.2
15.077,80.39,-680.1
15.094,68.35,-681.3
15.110,54.47,-682.6
15.127,41.13,-683.3
15.144,26.93,-684.1
15.160,13.62,-684.2
15.177,-0.312,-684.2
15.194,-16.86,-684.2
15.210,-28.12,-683.5
15.227,-39.48,-682.5
15.244,-52.41,-681.4
15.260,-64.63,-680.4
15.277,-75.54,-678.6
15.294,-89.28,-677.2
15.311,-97.66,-675.5
15.327,-110.9,-673.9
15.344,-118.6,-672.3
15.361,-127.4,-670.4
15.377,-136.3,-669.0
15.394,-142.9,-667.3
15.411,-149.5,-666.1
15.427,-154.4,-664.4
15.444,-158.9,-663.3
15.461,-161.7,-662.5
15.478,-163.6,-661.6
15.494,-166.4,-661.3
15.511,-167.9,-661.1
15.528,-167.9,-661.1
15.544,-165.3,-661.5
15.561,-164.6,-662.1
15.578,-162.1,-662.9
15.594,-158.0,-664.0
15.611,-153.0,-665.2
15.628,-146.3,-666.4
15.644,-139.1,-667.5
15.661,-133.6,-669.0
15.678,-125.3,-671.4
15.695,-117.8,-673.0
15.711,-107.3,-674.7
15.728,-97.65,-676.3
15.745,-87.05,-678.0
15.761,-75.59,-679.3
15.778,-65.23,-680.9
15.795,-51.46,-682.2
15.811,-39.85,-683.2
15.828,-25.03,-683.4
15.845,-16.12,-684.2
15.862,-1.352,-684.4
15.878,13.44,-684.4
15.895,27.79,-683.6
15.912,38.83,-683.2
15.928,51.23,-682.3
15.945,63.29,-681.3
15.962,75.00,-679.6
15.978,89.69,-678.3
15.995,99.69,-676.9
16.012,111.5,-675.1
16.029,122.5,-673.5
16.045,132.2,-671.6
16.062,141.7,-669.6
16.079,149.9,-667.7
16.095,156.0,-666.3
16.112,161.9,-664.8
16.129,168.0,-663.2
16.145,172.4,-662.2
16.162,175.8,-661.2
16.179,179.2,-660.5
16.195,179.9,-659.9
16.212,181.9,-659.6
16.229,182.0,-659.5
16.246,180.6,-659.8
16.262,178.5,-660.4
16.279,176.1,-661.4
16.296,172.3,-662.4
16.312,168.0,-663.7
16.329,161.7,-664.9
16.346,155.5,-666.7
16.362,147.7,-668.3
16.379,139.1,-670.1
16.396,129.9,-672.0
16.413,120.4,-674.0
16.429,109.3,-675.9
16.446,98.90,-677.4
16.463,87.07,-679.1
16.479,77.08,-680.3
16.496,65.40,-681.5
16.513,53.11,-682.4
16.529,38.61,-683.2
16.546,25.02,-683.9
16.563,13.05,-684.5
16.579,-0.469,-684.5
16.596,-14.39,-684.3
16.613,-27.06,-684.0
16.630,-39.36,-683.2
16.646,-50.37,-682.4
16.663,-61.50,-681.4
16.680,-72.33,-680.3
16.696,-84.26,-678.2
16.713,-94.27,-677.0
16.730,-103.9,-675.9
16.746,-111.8,-674.4
16.763,-119.0,-672.5
16.780,-127.4,-671.2
16.797,-132.8,-669.5
16.813,-138.6,-668.5
16.830,-143.6,-667.5
16.847,-148.1,-666.2
16.863,-150.9,-665.4
16.880,-154.3,-665.1
16.897,-154.6,-664.5
16.913,-156.8,-664.3
16.930,-156.6,-664.3
16.947,-153.6,-664.7
16.963,-153.6,-665.0
16.980,-149.9,-665.6
16.997,-145.8,-666.5
17.014,-141.4,-667.4
17.030,-137.8,-669.0
17.047,-131.8,-670.1
17.064,-124.1,-671.5
17.080,-115.3,-672.6
17.097,-109.0,-674.2
17.114,-98.39,-675.7
17.130,-90.02,-677.3
17.147,-78.76,-678.5
17.164,-70.40,-680.2
17.181,-59.33,-681.3
17.197,-48.68,-682.3
17.214,-35.06,-683.1
17.231,-23.00,-683.4
17.247,-10.28,-683.7
17.264,2.403,-683.7
17.281,15.12,-683.7
17.297,27.06,-683.3
17.314,38.30,-683.1
17.331,49.23,-682.3
17.348,63.34,-681.3
17.364,73.30,-680.1
17.381,86.06,-678.5
17.398,96.99,-677.3
17.414,107.8,-675.5
17.431,116.0,-674.3
17.448,126.7,-672.4
17.464,136.4,-670.7
17.481,141.3,-669.2
17.498,150.0,-667.5
17.514,154.1,-666.2
17.531,158.5,-665.6
17.548,162.3,-664.0
17.565,167.0,-663.3
17.581,168.7,-663.0
17.598,170.2,-662.3
17.615,171.1,-662.2
17.631,170.9,-662.3
17.648,171.0,-662.4
17.665,168.1,-663.0
17.681,167.5,-663.7
17.698,163.4,-664.6
17.715,157.5,-665.9
17.732,152.1,-667.5
17.748,146.6,-668.6
17.765,138.8,-669.9
17.782,131.7,-671.6
17.798,123.0,-673.4
17.815,113.6,-675.0
17.832,103.8,-676.3
17.848,93.76,-677.9
17.865,83.52,-679.4
17.882,73.51,-680.5
17.898,62.40,-681.6
17.915,50.52,-682.3
17.932,38.01,-683.2
17.949,26.45,-683.5
17.965,15.99,-683.5
17.982,3.973,-683.4
17.999,-8.768,-683.4
18.015,-22.64,-683.3
18.032,-32.36,-682.6
18.049,-43.32,-681.5
18.065,-57.55,-681.1
18.082,-67.56,-680.1
18.099,-77.79,-679.1
18.116,-87.01,-677.9
18.132,-94.19,-676.3
18.149,-102.6,-675.2
18.166,-111.8,-674.0
18.182,-116.5,-672.7
18.199,-123.3,-671.4
18.216,-128.8,-670.4
18.232,-133.5,-669.3
18.249,-138.1,-668.2
18.266,-139.7,-667.5
18.283,-143.2,-667.1
18.299,-144.7,-666.9
18.316,-143.8,-666.6
18.333,-143.6,-666.5
18.349,-141.4,-666.6
18.366,-141.9,-667.1
18.383,-136.9,-667.6
18.399,-134.5,-668.5
18.416,-131.3,-669.4
18.433,-126.0,-670.4
18.449,-119.5,-671.6
18.466,-112.8,-672.5
18.483,-108.3,-674.0
18.500,-100.1,-675.3
18.516,-89.48,-676.6
18.533,-83.23,-677.9
18.550,-72.40,-679.2
18.566,-63.15,-680.2
18.583,-52.93,-681.3
18.600,-44.33,-682.0
18.616,-32.64,-683.2
18.633,-18.33,-683.6
18.650,-7.245,-683.6
18.667,4.402,-683.6
18.683,15.15,-683.6
18.700,25.41,-683.5
18.717,34.73,-683.1
18.733,47.01,-682.2
18.750,57.42,-682.0
18.767,70.98,-680.3
18.783,80.15,-679.3
18.800,89.95,-678.2
18.817,101.4,-676.6
18.833,109.5,-675.2
18.850,118.9,-673.5
18.867,126.1,-672.2
18.884,132.4,-671.0
18.900,139.8,-669.6
18.917,145.0,-668.3
18.934,150.4,-667.5
18.950,154.4,-666.5
18.967,156.7,-665.7
18.984,161.4,-664.6
19.000,161.6,-664.3
19.017,162.2,-664.3
19.034,161.9,-664.4
19.051,161.8,-664.4
19.067,157.5,-665.4
19.084,157.9,-665.6
19.101,154.2,-666.4
19.117,149.4,-667.5
19.134,145.0,-668.6
19.151,137.2,-670.1
19.167,131.0,-671.3
19.184,124.7,-672.7
19.201,115.2,-674.1
19.218,108.0,-675.4
19.234,99.13,-676.6
19.251,89.93,-678.3
19.268,80.00,-679.3
19.284,70.40,-680.4
19.301,59.56,-681.5
19.318,46.53,-682.4
19.334,36.57,-682.6
19.351,25.00,-683.1
19.368,13.80,-683.4
19.384,2.764,-683.4
19.401,-6.878,-683.5
19.418,-20.26,-682.9
19.435,-29.72,-682.4
19.451,-38.02,-681.5
19.468,-52.16,-681.0
19.485,-61.39,-680.2
19.501,-70.62,-679.3
19.518,-79.27,-678.2
19.535,-87.88,-677.1
19.551,-93.76,-675.6
19.568,-100.0,-674.5
19.585,-106.6,-673.5
19.602,-113.3,-672.4
19.618,-118.2,-671.3
19.635,-121.5,-670.5
19.652,-127.6,-670.1
19.668,-129.3,-669.2
19.685,-129.5,-668.6
19.702,-130.9,-668.5
19.718,-132.0,-668.3
19.735,-131.8,-668.4
19.752,-130.0,-668.5
19.768,-130.4,-669.1
19.785,-126.3,-669.6
19.802,-124.7,-670.2
19.819,-121.3,-671.3
19.835,-116.6,-672.3
19.852,-111.2,-673.2
19.869,-104.9,-674.4
19.885,-98.15,-675.4
19.902,-91.57,-676.4
19.919,-80.79,-677.5
19.935,-73.06,-678.3
19.952,-64.40,-679.4
19.969,-54.81,-680.4
19.986,-45.91,-681.4
20.002,-35.59,-681.6
20.019,-25.91,-682.3
20.036,-16.60,-683.2
20.052,-5.943,-683.2
20.069,5.944,-683.3
20.086,15.39,-683.4
20.102,27.77,-683.3
20.119,37.75,-683.2
20.136,48.28,-682.4
20.153,59.18,-681.5
20.169,67.96,-680.3
20.186,75.43,-680.1
20.203,88.20,-678.5
20.219,95.78,-677.3
20.236,103.2,-676.2
20.253,110.5,-675.3
20.269,120.3,-673.5
20.286,126.6,-672.4
20.303,132.2,-671.4
20.319,137.0,-670.3
20.336,140.7,-669.3
20.353,144.4,-668.5
20.370,148.2,-667.5
20.386,149.4,-667.4
20.403,150.0,-667.3
20.420,150.4,-667.4
20.436,150.3,-667.3
20.453,149.2,-667.3
20.470,149.3,-667.6
20.486,145.0,-668.2
20.503,141.1,-669.1
20.520,136.4,-670.0
20.537,131.4,-671.1
20.553,126.1,-672.3
20.570,120.1,-673.4
20.587,114.6,-674.7
20.603,105.1,-675.9
20.620,97.55,-677.2
20.637,89.48,-678.4
20.653,81.63,-679.2
20.670,72.10,-680.3
20.687,62.37,-681.3
20.703,52.15,-682.3
20.720,43.85,-682.4
20.737,34.86,-682.4
20.754,21.98,-683.3
20.770,12.73,-683.4
20.787,1.868,-683.4
20.804,-9.462,-683.4
20.820,-19.46,-683.2
20.837,-28.78,-682.5
20.854,-39.67,-682.2
20.870,-48.47,-681.3
20.887,-57.14,-680.3
20.904,-64.36,-679.6
20.921,-75.83,-679.1
20.937,-84.59,-678.1
20.954,-91.39,-677.1
20.971,-98.33,-676.2
20.987,-103.2,-675.3
21.004,-109.0,-674.0
21.021,-113.4,-673.3
21.037,-115.7,-672.5
21.054,-120.9,-672.0
21.071,-121.0,-671.5
21.087,-124.3,-671.1
21.104,-126.0,-671.0
21.121,-126.2,-671.0
21.138,-126.0,-671.1
21.154,-124.5,-671.3
21.171,-120.7,-671.6
21.188,-120.4,-672.2
21.204,-117.9,-673.0
21.221,-111.9,-673.5
21.238,-108.2,-674.3
21.254,-104.0,-675.0
21.271,-97.82,-676.1
21.288,-92.52,-677.1
21.305,-85.48,-678.1
21.321,-78.33,-679.1
21.338,-68.57,-679.6
21.355,-59.66,-680.6
21.371,-51.37,-681.4
21.388,-42.51,-682.4
