,mass A,,
t,x,y,
0.000,-326.6,-603.4
0.017,-319.3,-607.2
0.033,-310.9,-611.7
0.050,-300.7,-617.2
0.067,-289.3,-622.2
0.083,-276.6,-628.1
0.100,-262.7,-634.3
0.117,-247.6,-640.2
0.134,-231.5,-646.3
0.150,-213.3,-653.1
0.167,-194.0,-659.5
0.184,-173.8,-665.3
0.200,-152.1,-670.9
0.217,-130.3,-675.9
0.234,-107.2,-680.4
0.250,-83.45,-682.9
0.267,-59.94,-685.4
0.284,-36.34,-686.5
0.301,-10.77,-687.4
0.317,14.06,-687.4
0.334,38.09,-686.6
0.351,63.77,-685.1
0.367,88.05,-682.7
0.384,112.0,-679.8
0.401,135.8,-675.6
0.417,158.8,-671.0
0.434,180.5,-665.5
0.451,200.8,-659.5
0.467,220.5,-652.7
0.484,240.0,-646.5
0.501,257.3,-639.4
0.518,273.6,-632.4
0.534,289.3,-625.7
0.551,303.3,-619.0
0.568,316.0,-612.7
0.584,327.5,-606.4
0.601,337.5,-600.6
0.618,346.3,-595.7
0.634,353.6,-591.3
0.651,360.0,-587.6
0.668,364.3,-584.7
0.685,367.6,-582.5
0.701,369.7,-581.3
0.718,370.2,-581.2
0.735,369.4,-581.4
0.751,367.3,-582.8
0.768,363.5,-584.8
0.785,358.6,-587.6
0.801,352.6,-591.2
0.818,344.8,-595.5
0.835,334.9,-600.4
0.851,324.3,-606.1
0.868,312.6,-612.3
0.885,299.5,-618.7
0.902,284.9,-625.3
0.918,269.8,-632.0
0.935,252.8,-639.2
0.952,234.8,-645.7
0.968,216.6,-652.4
0.985,195.9,-659.2
1.002,174.9,-665.4
1.018,153.4,-670.9
1.035,130.9,-675.5
1.052,107.6,-679.1
1.069,84.59,-682.2
1.085,60.12,-684.5
1.102,34.92,-685.9
1.119,8.616,-686.3
1.135,-15.42,-686.5
1.152,-40.83,-685.7
1.169,-62.78,-684.1
1.185,-87.69,-681.6
1.202,-110.8,-678.5
1.219,-134.1,-673.9
1.235,-156.1,-669.2
1.252,-176.5,-663.9
1.269,-195.8,-658.4
1.286,-215.0,-651.8
1.302,-231.6,-645.5
1.319,-247.8,-639.6
1.336,-262.4,-633.2
1.352,-275.9,-627.4
1.369,-287.6,-622.1
1.386,-299.4,-616.6
1.402,-308.2,-611.9
1.419,-316.9,-607.7
1.436,-323.4,-604.2
1.453,-328.9,-601.6
1.469,-332.8,-599.2
1.486,-335.5,-597.4
1.503,-336.9,-596.7
1.519,-336.8,-596.6
1.536,-335.5,-597.3
1.553,-332.6,-598.9
1.569,-328.7,-601.4
1.586,-323.3,-604.1
1.603,-316.7,-608.1
1.619,-308.3,-612.2
1.636,-298.7,-617.1
1.653,-288.0,-622.6
1.670,-275.4,-627.9
1.686,-262.7,-633.7
1.703,-247.7,-639.8
1.720,-231.8,-645.7
1.736,-214.4,-651.7
1.753,-196.1,-657.7
1.770,-175.8,-663.7
1.786,-155.7,-668.9
1.803,-133.7,-673.5
1.820,-111.4,-677.4
1.837,-88.62,-680.8
1.853,-64.12,-682.9
1.870,-40.67,-685.3
1.887,-17.44,-685.6
1.903,7.333,-685.7
1.920,32.92,-685.1
1.937,58.21,-684.3
1.953,82.84,-681.9
1.970,104.4,-678.8
1.987,128.3,-675.2
2.003,151.4,-671.0
2.020,172.7,-665.5
2.037,194.2,-660.3
2.054,214.0,-654.4
2.070,232.7,-647.7
2.087,250.7,-641.1
2.104,267.4,-634.4
2.120,282.3,-627.5
2.137,297.1,-620.8
2.154,309.9,-614.4
2.170,321.6,-608.4
2.187,332.6,-603.0
2.204,341.3,-598.0
2.221,348.4,-593.7
2.237,355.0,-590.2
2.254,360.3,-587.1
2.271,363.8,-584.8
2.287,366.0,-583.6
2.304,367.0,-583.0
2.321,366.7,-583.3
2.337,364.6,-584.2
2.354,361.2,-586.4
2.371,356.7,-589.0
2.387,350.6,-592.6
2.404,343.3,-596.4
2.421,335.1,-601.2
2.438,323.7,-606.5
2.454,312.8,-612.5
2.471,300.1,-618.6
2.488,286.5,-625.1
2.504,270.4,-631.7
2.521,254.3,-638.3
2.538,236.4,-644.8
2.554,218.5,-651.1
2.571,199.2,-658.1
2.588,178.7,-664.1
2.604,156.8,-669.3
2.621,134.8,-674.1
2.638,112.3,-678.2
2.655,89.26,-681.3
2.671,64.43,-683.4
2.688,38.59,-684.7
2.705,14.76,-685.4
2.721,-10.17,-685.6
2.738,-33.70,-685.4
2.755,-58.13,-683.8
2.771,-81.64,-681.6
2.788,-105.2,-678.5
2.805,-127.7,-674.5
2.822,-149.0,-669.2
2.838,-169.3,-664.1
2.855,-189.2,-658.5
2.872,-207.5,-652.7
2.888,-224.4,-647.0
2.905,-240.4,-641.0
2.922,-255.6,-635.2
2.938,-269.1,-629.2
2.955,-281.6,-624.2
2.972,-292.3,-618.9
2.988,-302.4,-614.1
3.005,-310.4,-610.2
3.022,-317.9,-606.6
3.039,-323.3,-603.2
3.055,-327.8,-601.0
3.072,-330.8,-599.2
3.089,-332.3,-598.4
3.105,-332.6,-598.4
3.122,-331.2,-598.9
3.139,-329.1,-600.4
3.155,-325.7,-602.6
3.172,-320.2,-605.3
3.189,-314.0,-608.8
3.206,-306.1,-612.6
3.222,-297.0,-617.5
3.239,-286.4,-622.2
3.256,-274.3,-627.9
3.272,-261.4,-633.5
3.289,-247.1,-639.2
3.306,-231.8,-645.7
3.322,-215.0,-651.6
3.339,-197.1,-657.2
3.356,-178.0,-662.8
3.372,-157.1,-668.4
3.389,-136.1,-673.2
3.406,-114.4,-677.6
3.423,-91.76,-681.0
3.439,-68.43,-683.4
3.456,-43.28,-684.7
3.473,-19.05,-685.7
3.489,4.613,-686.0
3.506,30.70,-685.7
3.523,53.81,-684.4
3.539,76.71,-682.4
3.556,99.82,-679.8
3.573,123.5,-676.3
3.590,145.8,-671.8
3.606,167.1,-667.0
3.623,188.5,-662.2
3.640,208.7,-656.3
3.656,229.2,-649.4
3.673,246.5,-643.2
3.690,263.6,-636.7
3.706,278.7,-630.0
3.723,293.5,-623.4
3.740,306.6,-617.3
3.756,318.3,-611.5
3.773,329.1,-605.9
3.790,338.1,-600.6
3.807,346.2,-596.3
3.823,352.4,-592.7
3.840,358.0,-589.6
3.857,361.7,-587.1
3.873,364.2,-585.6
3.890,365.0,-585.1
3.907,364.9,-585.0
3.923,363.5,-585.7
3.940,360.6,-587.6
3.957,356.1,-590.0
3.974,350.4,-593.0
3.990,343.8,-596.9
4.007,335.3,-601.8
4.024,325.8,-607.0
4.040,314.6,-612.7
4.057,302.4,-618.4
4.074,289.3,-624.9
4.090,274.5,-631.6
4.107,257.2,-638.2
4.124,239.7,-644.7
4.140,221.5,-651.2
4.157,202.2,-657.1
4.174,182.0,-663.0
4.191,161.1,-668.2
4.207,138.8,-673.0
4.224,116.2,-677.1
4.241,92.90,-680.0
4.257,69.72,-682.7
4.274,45.03,-684.0
4.291,19.93,-684.9
4.307,-3.698,-685.2
4.324,-26.89,-684.6
4.341,-51.57,-683.2
4.358,-73.14,-681.3
4.374,-96.24,-678.7
4.391,-118.7,-674.8
4.408,-140.0,-670.5
4.424,-160.7,-665.9
4.441,-180.0,-660.6
4.458,-198.5,-655.1
4.474,-216.2,-648.7
4.491,-232.2,-643.3
4.508,-247.3,-637.8
4.524,-261.2,-631.9
4.541,-273.8,-626.5
4.558,-285.7,-621.1
4.575,-295.3,-616.5
4.591,-304.0,-612.5
4.608,-311.3,-608.8
4.625,-317.0,-605.4
4.641,-321.3,-603.5
4.658,-324.5,-601.7
4.675,-326.4,-600.7
4.691,-326.7,-600.5
4.708,-326.0,-600.7
4.725,-323.7,-602.2
4.742,-319.8,-604.0
4.758,-315.0,-606.7
4.775,-308.9,-610.0
4.792,-301.3,-613.7
4.808,-292.2,-618.1
4.825,-281.8,-622.6
4.842,-270.1,-628.0
4.858,-257.3,-633.5
4.875,-242.9,-639.3
4.892,-228.1,-645.0
4.908,-211.5,-650.9
4.925,-193.8,-656.3
4.942,-176.0,-662.0
4.959,-156.5,-666.8
4.975,-136.1,-671.8
4.992,-114.7,-675.9
5.009,-93.51,-679.2
5.025,-69.50,-681.8
5.042,-45.51,-683.8
5.059,-22.03,-684.9
5.075,2.428,-685.7
5.092,26.79,-685.3
5.109,50.20,-684.3
5.126,72.96,-682.3
5.142,95.63,-679.9
5.159,118.1,-676.8
5.176,140.8,-672.5
5.192,162.1,-667.7
5.209,182.9,-662.7
5.226,202.6,-656.8
5.242,222.4,-650.8
5.259,240.7,-644.2
5.276,257.5,-638.0
5.292,272.9,-631.7
5.309,288.0,-625.2
5.326,301.2,-619.0
5.343,312.9,-613.2
5.359,323.9,-607.5
5.376,333.1,-602.6
5.393,341.0,-598.2
5.409,347.9,-594.3
5.426,353.1,-591.2
5.443,357.2,-588.8
5.459,359.8,-587.3
5.476,361.1,-586.8
5.493,361.0,-586.8
5.510,359.8,-587.5
5.526,357.0,-589.0
5.543,353.2,-591.2
5.560,347.7,-594.0
5.576,340.5,-597.9
5.593,332.8,-602.4
5.610,323.6,-607.2
5.626,312.9,-612.7
5.643,300.8,-618.7
5.660,287.7,-624.7
5.676,273.0,-631.3
5.693,257.3,-638.0
5.710,240.7,-644.4
5.727,222.0,-651.0
5.743,203.0,-656.8
5.760,182.6,-663.0
5.777,161.7,-668.0
5.793,140.7,-672.6
5.810,119.0,-676.5
5.827,95.74,-679.8
5.843,73.16,-682.7
5.860,49.79,-684.5
5.877,25.99,-685.5
5.894,1.559,-685.6
5.910,-22.05,-685.3
5.927,-46.57,-684.6
5.944,-70.22,-682.2
5.960,-92.53,-679.8
5.977,-114.2,-676.4
5.994,-135.5,-672.1
6.010,-155.9,-667.1
6.027,-175.6,-662.2
6.044,-193.4,-656.5
6.060,-210.9,-651.0
6.077,-226.7,-645.5
6.094,-241.6,-639.9
6.111,-255.7,-634.4
6.127,-268.6,-628.8
6.144,-280.1,-624.1
6.161,-290.1,-619.2
6.177,-298.9,-614.8
6.194,-306.7,-611.0
6.211,-312.5,-608.2
6.227,-317.1,-605.3
6.244,-320.2,-603.6
6.261,-322.4,-602.4
6.278,-322.9,-602.4
6.294,-322.2,-602.7
6.311,-320.3,-603.7
6.328,-316.8,-605.7
6.344,-312.2,-608.1
6.361,-306.1,-611.2
6.378,-299.0,-614.7
6.394,-290.0,-619.0
6.411,-280.2,-623.8
6.428,-269.0,-628.5
6.444,-256.0,-634.4
6.461,-241.8,-639.5
6.478,-226.5,-645.6
6.495,-210.3,-650.6
6.511,-193.2,-656.4
6.528,-175.1,-661.9
6.545,-155.9,-666.9
6.561,-136.1,-671.4
6.578,-115.5,-675.7
6.595,-93.17,-679.6
6.611,-71.31,-681.7
6.628,-47.21,-684.0
6.645,-23.90,-684.8
6.662,-1.361,-685.2
6.678,21.37,-685.1
6.695,47.56,-684.4
6.712,69.97,-682.8
6.728,91.79,-680.0
6.745,114.1,-676.9
6.762,136.1,-673.0
6.778,157.7,-668.5
6.795,179.2,-663.5
6.812,198.4,-657.9
6.828,217.0,-652.1
6.845,236.3,-645.7
6.862,252.8,-639.6
6.879,268.4,-633.4
6.895,283.0,-627.0
6.912,296.5,-621.0
6.929,308.5,-615.2
6.945,319.1,-609.8
6.962,328.7,-604.8
6.979,336.9,-600.3
6.995,344.0,-596.7
7.012,349.1,-593.5
7.029,353.0,-591.3
7.045,355.9,-589.5
7.062,357.2,-588.8
7.079,357.3,-588.7
7.096,356.2,-589.2
7.112,353.8,-590.6
7.129,349.8,-592.9
7.146,344.8,-595.9
7.162,338.4,-599.5
7.179,330.4,-603.7
7.196,321.7,-608.5
7.212,311.1,-614.0
7.229,299.6,-619.4
7.246,286.3,-625.7
7.263,272.7,-631.9
7.279,257.1,-638.0
7.296,240.7,-644.3
7.313,223.0,-650.5
7.329,204.1,-656.5
7.346,183.9,-662.1
7.363,163.8,-667.1
7.379,142.6,-671.7
7.396,119.6,-675.2
7.413,98.25,-678.7
7.429,75.43,-681.4
7.446,52.45,-683.4
7.463,30.53,-684.4
7.480,6.057,-684.5
7.496,-17.04,-684.5
7.513,-39.81,-683.4
7.530,-64.17,-681.4
7.546,-86.66,-678.9
7.563,-108.0,-676.3
7.580,-129.3,-672.3
7.596,-149.7,-667.4
7.613,-168.8,-662.7
7.630,-187.3,-657.6
7.647,-204.7,-652.5
7.663,-221.1,-646.8
7.680,-236.6,-640.7
7.697,-249.8,-635.4
7.713,-264.0,-630.0
7.730,-275.8,-624.8
7.747,-285.9,-620.2
7.763,-295.0,-615.8
7.780,-302.3,-612.3
7.797,-308.5,-609.1
7.813,-313.1,-606.5
7.830,-316.4,-604.7
7.847,-318.4,-603.7
7.864,-319.1,-603.7
7.880,-318.6,-603.4
7.897,-316.7,-604.5
7.914,-313.4,-606.2
7.930,-308.9,-608.5
7.947,-303.0,-611.7
7.964,-295.8,-615.1
7.980,-287.3,-619.3
7.997,-277.2,-623.9
8.014,-266.3,-628.7
8.031,-253.9,-633.7
8.047,-240.0,-639.2
8.064,-224.7,-644.7
8.081,-208.9,-650.3
8.097,-191.9,-655.5
8.114,-173.6,-660.8
8.131,-154.4,-665.5
8.147,-134.8,-670.1
8.164,-114.2,-673.9
8.181,-92.19,-677.4
8.197,-70.38,-679.9
8.214,-47.95,-681.9
8.231,-23.93,-683.5
8.248,-1.921,-683.9
8.264,20.43,-683.8
8.281,43.42,-683.1
8.298,68.24,-681.6
8.314,89.54,-679.1
8.331,112.7,-676.5
8.348,134.7,-672.8
8.364,155.1,-667.9
8.381,175.9,-663.5
8.398,195.3,-658.2
8.415,214.8,-652.6
8.431,232.5,-646.4
8.448,249.8,-640.3
8.465,264.7,-634.4
8.481,279.1,-628.4
8.498,292.2,-622.5
8.515,304.2,-617.1
8.531,315.1,-611.6
8.548,324.7,-606.8
8.565,332.9,-602.5
8.581,339.6,-598.9
8.598,345.2,-595.9
8.615,349.2,-593.4
8.632,352.3,-591.7
8.648,354.0,-590.8
8.665,354.1,-590.7
8.682,353.0,-591.2
8.698,350.7,-592.6
8.715,347.2,-594.5
8.732,341.8,-597.4
8.748,335.7,-600.9
8.765,327.9,-604.9
8.782,319.1,-609.5
8.799,308.7,-614.7
8.815,297.2,-620.3
8.832,284.1,-626.4
8.849,270.0,-632.6
8.865,255.0,-638.7
8.882,238.7,-644.9
8.899,220.7,-650.9
8.915,202.8,-656.9
8.932,183.1,-661.8
8.949,163.0,-667.0
8.965,142.1,-671.7
8.982,120.5,-675.9
8.999,97.89,-678.7
9.016,75.97,-681.7
9.032,52.61,-683.4
9.049,29.21,-684.7
9.066,4.959,-685.1
9.082,-18.06,-684.7
9.099,-42.10,-684.2
9.116,-64.24,-682.6
9.132,-87.70,-680.2
9.149,-109.7,-676.9
9.166,-130.8,-672.8
9.183,-151.2,-668.5
9.199,-170.8,-663.8
9.216,-189.0,-658.5
9.233,-206.9,-653.3
9.249,-223.2,-648.1
9.266,-237.9,-642.5
9.283,-253.0,-637.0
9.299,-265.1,-631.6
9.316,-276.7,-626.9
9.333,-287.3,-622.1
9.349,-295.7,-618.0
9.366,-303.9,-614.1
9.383,-310.0,-610.8
9.400,-314.6,-608.5
9.416,-318.0,-606.5
9.433,-320.4,-605.6
9.450,-321.2,-605.1
9.466,-320.6,-605.3
9.483,-318.8,-606.3
9.500,-315.9,-607.8
9.516,-311.3,-610.4
9.533,-306.0,-613.1
9.550,-298.4,-616.8
9.567,-289.8,-620.5
9.583,-280.8,-625.0
9.600,-269.8,-630.0
9.617,-256.1,-635.4
9.633,-243.2,-640.5
9.650,-228.6,-645.9
9.667,-213.2,-651.2
9.683,-195.0,-656.5
9.700,-177.7,-661.7
9.717,-158.1,-666.4
9.733,-138.5,-670.9
9.750,-117.7,-674.9
9.767,-96.09,-678.1
9.784,-73.49,-680.8
9.800,-51.18,-682.8
9.817,-28.08,-684.0
9.834,-4.951,-684.5
9.850,18.57,-684.7
9.867,42.44,-683.6
9.884,65.15,-682.3
9.900,86.23,-680.0
9.917,108.2,-676.9
9.934,130.1,-673.0
9.951,151.1,-668.7
9.967,171.7,-664.0
9.984,190.7,-658.9
10.001,209.4,-653.1
10.017,226.9,-647.3
10.034,244.3,-641.4
10.051,260.2,-635.7
10.067,274.8,-629.7
10.084,288.0,-623.9
10.101,299.9,-618.3
10.117,310.9,-613.1
10.134,320.2,-608.3
10.151,328.8,-604.2
10.168,335.8,-600.3
10.184,341.2,-597.5
10.201,345.5,-595.0
10.218,348.5,-593.3
10.234,350.3,-592.5
10.251,350.7,-592.4
10.268,349.8,-593.0
10.284,347.7,-594.2
10.301,344.0,-595.8
10.318,339.1,-598.6
10.335,332.8,-602.3
10.351,325.4,-606.1
10.368,316.7,-610.8
10.385,306.9,-615.5
10.401,295.2,-621.1
10.418,283.0,-626.8
10.435,268.6,-632.7
10.451,253.2,-639.0
10.468,237.1,-645.0
10.485,219.8,-650.7
10.501,201.4,-656.5
10.518,182.3,-662.2
10.535,162.8,-666.9
10.552,141.2,-671.6
10.568,120.0,-675.4
10.585,97.78,-678.5
10.602,76.46,-681.3
10.618,53.25,-683.5
10.635,30.25,-684.5
10.652,6.360,-684.7
10.668,-16.94,-684.8
10.685,-39.55,-683.9
10.702,-62.86,-682.0
10.719,-85.29,-679.8
10.735,-107.2,-676.8
10.752,-128.4,-673.1
10.769,-147.3,-668.8
10.785,-166.9,-664.1
10.802,-185.4,-659.3
10.819,-203.2,-654.2
10.835,-219.4,-649.0
10.852,-234.4,-643.5
10.869,-248.1,-638.4
10.885,-260.5,-633.6
10.902,-271.9,-628.8
10.919,-283.0,-624.0
10.936,-291.8,-619.8
10.952,-299.5,-616.0
10.969,-305.9,-612.8
10.986,-310.8,-610.6
11.002,-314.4,-608.7
11.019,-316.5,-607.5
11.036,-317.6,-607.2
11.052,-316.9,-607.3
11.069,-315.3,-608.3
11.086,-312.3,-610.0
11.103,-307.9,-612.1
11.119,-302.2,-614.8
11.136,-295.2,-618.0
11.153,-287.0,-622.0
11.169,-277.0,-626.5
11.186,-266.2,-631.3
11.203,-254.5,-636.0
11.219,-240.6,-641.5
11.236,-226.0,-646.7
11.253,-210.3,-652.0
11.269,-193.5,-656.9
11.286,-175.6,-661.9
11.303,-157.0,-666.5
11.320,-137.1,-671.1
11.336,-116.7,-674.9
11.353,-95.11,-678.2
11.370,-73.47,-680.7
11.386,-50.26,-682.8
11.403,-28.13,-683.8
11.420,-4.830,-684.3
11.436,17.25,-684.4
11.453,41.38,-683.7
11.470,63.11,-682.4
11.486,85.70,-680.0
11.503,108.1,-677.3
11.520,129.2,-673.7
11.537,149.2,-669.5
11.553,170.0,-665.1
11.570,188.9,-659.8
11.587,207.6,-654.5
11.603,225.4,-649.0
11.620,242.1,-642.7
11.637,257.5,-637.2
11.653,271.8,-631.3
11.670,285.0,-625.8
11.687,296.9,-620.3
11.704,307.7,-615.2
11.720,317.2,-610.5
11.737,325.5,-606.0
11.754,331.9,-602.6
11.770,337.4,-599.5
11.787,342.1,-597.3
11.804,344.9,-595.6
11.820,346.7,-594.7
11.837,346.9,-594.6
11.854,346.1,-595.0
11.870,343.8,-596.0
11.887,340.1,-598.2
11.904,335.2,-600.7
11.921,329.0,-604.0
11.937,321.8,-607.7
11.954,312.9,-612.4
11.971,302.7,-617.5
11.987,291.5,-622.8
12.004,279.2,-628.5
12.021,265.3,-634.2
12.037,250.7,-639.8
12.054,234.3,-645.8
12.071,217.3,-651.7
12.088,199.8,-657.4
12.104,181.2,-662.7
12.121,160.7,-667.7
12.138,140.6,-672.0
12.154,119.5,-675.9
12.171,97.92,-678.9
12.188,76.08,-681.4
12.204,53.40,-683.4
12.221,29.62,-684.4
12.238,6.999,-685.0
12.254,-15.94,-684.7
12.271,-38.94,-683.9
12.288,-60.20,-682.2
12.305,-83.58,-679.7
12.321,-106.2,-676.7
12.338,-125.9,-673.2
12.355,-145.8,-669.1
12.371,-165.2,-664.5
12.388,-183.6,-659.7
12.405,-200.5,-654.6
12.421,-216.5,-649.5
12.438,-231.7,-644.1
12.455,-245.2,-638.8
12.472,-258.2,-634.1
12.488,-269.2,-629.2
12.505,-279.5,-624.8
12.522,-288.2,-620.8
12.538,-295.9,-617.0
12.555,-302.4,-614.1
12.572,-307.1,-611.6
12.588,-310.6,-609.8
12.605,-312.7,-608.6
12.622,-313.5,-608.2
12.638,-313.0,-608.3
12.655,-311.3,-609.4
12.672,-308.2,-610.9
12.689,-304.0,-613.1
12.705,-298.5,-615.7
12.722,-291.4,-619.0
12.739,-283.1,-622.8
12.755,-273.8,-626.9
12.772,-263.0,-631.6
12.789,-250.5,-636.6
12.805,-237.3,-641.8
12.822,-223.4,-646.9
12.839,-208.1,-651.9
12.856,-190.6,-657.2
12.872,-173.2,-661.9
12.889,-154.5,-666.8
12.906,-134.9,-671.0
12.922,-115.1,-674.4
12.939,-94.73,-678.0
12.956,-71.15,-680.3
12.972,-50.19,-682.6
12.989,-27.23,-683.8
13.006,-5.165,-684.0
13.022,17.27,-684.2
13.039,40.52,-683.0
13.056,63.25,-681.9
13.073,85.46,-679.7
13.089,106.5,-677.0
13.106,128.4,-673.6
13.123,148.8,-669.4
13.139,168.8,-665.1
13.156,188.1,-659.7
13.173,206.4,-654.5
13.189,223.6,-649.2
13.206,239.9,-643.4
13.223,255.4,-637.6
13.240,269.6,-632.0
13.256,282.7,-626.4
13.273,294.8,-621.0
13.290,305.4,-615.8
13.306,314.7,-611.3
13.323,323.0,-607.4
13.340,329.3,-603.9
13.356,335.1,-601.0
13.373,339.0,-598.8
13.390,342.2,-597.1
13.406,343.7,-596.1
13.423,344.0,-595.8
13.440,343.1,-596.4
13.457,340.8,-597.7
13.473,337.2,-599.6
13.490,332.2,-602.3
13.507,326.2,-605.7
13.523,318.7,-609.5
13.540,309.9,-614.0
13.557,299.9,-618.7
13.573,288.4,-623.9
13.590,276.1,-629.4
13.607,262.9,-635.0
13.624,248.1,-640.7
13.640,232.0,-646.4
13.657,215.7,-652.4
13.674,196.8,-658.1
13.690,178.2,-663.1
13.707,159.0,-667.7
13.724,138.7,-672.2
13.740,117.5,-675.9
13.757,96.03,-678.7
13.774,74.36,-681.5
13.790,51.59,-683.1
13.807,29.27,-684.0
13.824,6.788,-684.5
13.841,-15.58,-684.2
13.857,-38.73,-683.2
13.874,-61.36,-681.7
13.891,-82.96,-680.0
13.907,-105.2,-676.9
13.924,-125.1,-673.5
13.941,-145.8,-669.2
13.957,-164.7,-665.0
13.974,-182.7,-660.0
13.991,-199.3,-655.0
14.008,-215.0,-649.9
14.024,-229.6,-644.8
14.041,-243.4,-639.9
14.058,-255.8,-634.7
14.074,-267.2,-630.3
14.091,-277.3,-626.1
14.108,-285.9,-622.2
14.124,-293.3,-618.5
14.141,-299.4,-615.7
14.158,-304.0,-613.3
14.174,-307.5,-611.8
14.191,-309.7,-610.7
14.208,-310.2,-610.3
14.225,-309.8,-610.5
14.241,-308.0,-611.6
14.258,-305.1,-613.3
14.275,-300.8,-615.3
14.291,-295.2,-618.2
14.308,-287.9,-621.5
14.325,-279.4,-625.5
14.341,-269.9,-629.6
14.358,-259.0,-634.3
14.375,-247.2,-639.0
14.392,-234.1,-644.0
14.408,-219.9,-648.8
14.425,-204.7,-653.8
14.442,-187.9,-658.9
14.458,-170.6,-663.8
14.475,-152.1,-667.9
14.492,-132.8,-672.2
14.508,-112.5,-675.6
14.525,-92.08,-678.8
14.542,-70.18,-681.2
14.558,-47.59,-682.8
14.575,-25.01,-683.8
14.592,-3.303,-684.5
14.609,18.88,-684.1
14.625,42.22,-683.4
14.642,63.65,-682.1
14.659,85.22,-680.0
14.675,107.5,-677.3
14.692,127.8,-673.9
14.709,148.0,-669.7
14.725,168.3,-665.4
14.742,187.8,-660.5
14.759,205.6,-655.4
14.776,222.8,-649.6
14.792,239.0,-644.3
14.809,253.6,-638.8
14.826,267.8,-633.1
14.842,280.6,-627.3
14.859,292.5,-622.5
14.876,303.0,-617.6
14.892,311.8,-613.4
14.909,320.5,-609.2
14.926,326.9,-605.8
14.942,332.1,-602.7
14.959,336.2,-600.6
14.976,339.1,-598.8
14.993,340.6,-598.0
15.009,340.9,-598.2
15.026,339.8,-598.4
15.043,337.5,-599.8
15.059,334.0,-601.8
15.076,329.1,-604.6
15.093,322.9,-607.5
15.109,315.7,-611.6
15.126,307.1,-616.1
15.143,296.4,-620.7
15.160,285.7,-625.7
15.176,273.3,-630.9
15.193,259.8,-636.5
15.210,245.2,-642.5
15.226,229.3,-648.1
15.243,212.3,-653.4
15.260,194.4,-658.9
15.276,175.8,-664.1
15.293,156.2,-668.5
15.310,136.5,-672.8
15.326,115.3,-676.2
15.343,94.06,-679.1
15.360,73.02,-681.5
15.377,51.29,-683.5
15.393,27.90,-684.4
15.410,5.936,-684.8
15.427,-16.37,-684.4
15.443,-38.08,-683.6
15.460,-60.76,-682.1
15.477,-83.38,-680.1
15.493,-103.9,-677.2
15.510,-124.7,-673.7
15.527,-144.3,-669.7
15.544,-163.3,-665.1
15.560,-180.4,-660.5
15.577,-197.4,-655.5
15.594,-213.1,-650.8
15.610,-227.5,-646.0
15.627,-241.0,-640.9
15.644,-253.5,-636.1
15.660,-264.0,-631.5
15.677,-274.5,-627.2
15.694,-282.3,-623.3
15.710,-289.9,-620.0
15.727,-296.0,-616.9
15.744,-301.0,-614.8
15.761,-304.3,-613.2
15.777,-306.4,-612.0
15.794,-307.1,-611.8
15.811,-306.6,-611.9
15.827,-304.5,-612.8
15.844,-301.3,-614.3
15.861,-296.8,-616.4
15.877,-291.3,-619.2
15.894,-284.2,-622.5
15.911,-275.9,-626.3
15.928,-266.3,-630.6
15.944,-255.5,-635.0
15.961,-243.5,-639.8
15.978,-230.5,-644.6
15.994,-216.0,-649.8
16.011,-200.6,-654.7
16.028,-184.1,-659.4
16.044,-167.1,-664.0
16.061,-149.2,-668.2
16.078,-130.1,-672.1
16.094,-109.3,-676.2
16.111,-88.82,-678.8
16.128,-67.91,-681.0
16.145,-46.35,-682.5
16.161,-23.79,-683.7
16.178,-1.334,-684.2
16.195,20.40,-684.0
16.211,42.98,-683.0
16.228,64.96,-681.6
16.245,86.00,-679.7
16.261,107.1,-676.6
16.278,127.7,-673.2
16.295,147.8,-669.2
16.311,167.0,-664.8
16.328,186.1,-660.0
16.345,203.8,-654.8
16.362,220.8,-649.8
16.378,236.9,-643.9
16.395,251.9,-638.5
16.412,265.3,-633.1
16.428,278.6,-627.7
16.445,290.2,-622.6
16.462,300.1,-617.9
16.478,309.7,-613.6
16.495,317.5,-609.5
16.512,323.8,-606.4
16.529,329.0,-603.9
16.545,333.1,-601.7
16.562,335.7,-600.3
16.579,337.2,-599.7
16.595,337.1,-599.7
16.612,336.1,-600.2
16.629,333.7,-601.2
16.645,330.1,-603.2
16.662,325.1,-605.7
16.679,318.8,-608.9
16.695,311.4,-612.8
16.712,303.3,-616.8
16.729,292.8,-621.6
16.746,281.7,-626.6
16.762,269.2,-632.0
16.779,255.5,-637.5
16.796,241.0,-643.2
16.812,225.6,-648.6
16.829,208.6,-654.4
16.846,190.7,-659.9
16.862,172.4,-664.6
16.879,153.0,-669.0
16.896,133.7,-673.4
16.913,112.7,-676.9
16.929,91.64,-679.3
16.946,69.72,-681.8
16.963,48.03,-683.4
16.979,26.01,-684.6
16.996,2.845,-684.9
17.013,-19.85,-684.4
17.029,-41.36,-683.8
17.046,-63.05,-682.1
17.063,-84.32,-680.0
17.079,-105.6,-677.2
17.096,-125.4,-673.6
17.113,-144.6,-669.8
17.130,-162.7,-665.5
17.146,-180.1,-660.8
17.163,-196.9,-656.0
17.180,-212.3,-651.1
17.196,-226.3,-646.4
17.213,-239.5,-641.6
17.230,-251.5,-637.0
17.246,-262.2,-632.5
17.263,-271.6,-628.5
17.280,-280.0,-624.6
17.297,-287.2,-621.5
17.313,-293.2,-618.7
17.330,-297.5,-616.7
17.347,-300.9,-614.9
17.363,-302.8,-614.1
17.380,-303.7,-613.8
17.397,-302.9,-614.0
17.413,-301.0,-614.9
17.430,-297.8,-616.6
17.447,-293.3,-618.6
17.463,-287.4,-621.6
17.480,-280.4,-624.9
17.497,-271.9,-628.4
17.514,-262.3,-632.5
17.530,-251.6,-636.9
17.547,-239.5,-641.3
17.564,-226.4,-646.5
17.580,-212.3,-651.1
17.597,-196.6,-655.8
17.614,-180.1,-660.7
17.630,-163.3,-665.4
17.647,-144.4,-669.7
17.664,-125.6,-673.8
17.681,-106.4,-676.8
17.697,-85.58,-679.7
17.714,-64.07,-681.8
17.731,-43.40,-683.5
17.747,-21.18,-684.4
17.764,1.468,-684.7
17.781,22.35,-684.5
17.797,45.37,-683.6
17.814,66.69,-682.1
17.831,87.93,-679.8
17.847,108.8,-677.3
17.864,129.0,-674.0
17.881,148.5,-670.2
17.898,168.1,-665.8
17.914,186.2,-661.1
17.931,203.6,-656.0
17.948,221.4,-650.3
17.964,236.6,-645.0
17.981,251.6,-639.5
17.998,265.1,-634.2
18.014,277.6,-628.8
18.031,288.6,-624.0
18.048,298.9,-619.5
18.065,307.6,-615.2
18.081,315.3,-611.3
18.098,321.7,-608.4
18.115,327.2,-605.6
18.131,330.8,-603.8
18.148,333.3,-602.3
18.165,334.8,-601.7
18.181,334.8,-601.9
18.198,333.5,-602.4
18.215,331.4,-603.9
18.231,327.4,-605.8
18.248,322.7,-608.3
18.265,316.4,-611.6
18.282,308.7,-615.7
18.298,300.1,-619.9
18.315,289.8,-624.4
18.332,278.8,-629.4
18.348,266.1,-634.6
18.365,252.5,-639.9
18.382,237.9,-645.3
18.398,222.5,-651.1
18.415,205.7,-656.1
18.432,188.0,-661.1
18.449,169.4,-666.1
18.465,150.4,-670.4
18.482,130.0,-674.1
18.499,109.5,-677.2
18.515,88.56,-680.0
18.532,67.39,-682.1
18.549,46.13,-683.6
18.565,23.65,-684.6
18.582,1.386,-684.7
18.599,-20.60,-684.4
18.615,-42.32,-683.5
18.632,-64.07,-681.8
18.649,-85.28,-679.9
18.666,-105.6,-677.1
18.682,-125.6,-673.6
18.699,-144.3,-669.7
18.716,-162.6,-665.4
18.732,-179.6,-661.0
18.749,-195.4,-656.3
18.766,-210.3,-651.8
18.782,-224.9,-646.8
18.799,-238.0,-641.9
18.816,-249.8,-637.6
18.833,-260.3,-633.4
18.849,-269.7,-629.7
18.866,-277.8,-626.0
18.883,-285.0,-622.8
18.899,-290.5,-620.2
18.916,-295.1,-617.9
18.933,-298.0,-616.6
18.949,-299.9,-615.6
18.966,-300.2,-615.7
18.983,-299.5,-615.9
18.999,-297.4,-616.9
19.016,-293.9,-618.6
19.033,-289.3,-620.7
19.050,-283.4,-623.2
19.066,-276.2,-626.4
19.083,-267.9,-630.0
19.100,-258.4,-634.0
19.116,-247.5,-638.4
19.133,-235.1,-643.0
19.150,-222.1,-647.6
19.166,-208.1,-652.3
19.183,-193.0,-657.1
19.200,-176.3,-661.8
19.217,-158.8,-666.1
19.233,-141.2,-670.0
19.250,-122.7,-673.9
19.267,-102.9,-677.0
19.283,-82.84,-679.5
19.300,-61.19,-682.0
19.317,-39.18,-683.4
19.333,-17.38,-684.3
19.350,3.872,-684.4
19.367,25.45,-684.3
19.383,47.73,-683.7
19.400,68.13,-682.1
19.417,89.50,-679.7
19.434,109.8,-676.9
19.450,130.4,-673.5
19.467,150.4,-669.9
19.484,169.6,-665.7
19.500,187.6,-661.2
19.517,204.9,-655.9
19.534,221.5,-650.6
19.550,237.0,-645.4
19.567,251.2,-640.2
19.584,265.0,-634.6
19.601,276.5,-629.9
19.617,287.3,-624.9
19.634,297.5,-620.4
19.651,306.5,-616.2
19.667,313.7,-612.6
19.684,320.1,-609.7
19.701,325.0,-607.2
19.717,328.6,-605.2
19.734,331.0,-603.9
19.751,332.0,-603.0
19.767,331.9,-603.1
19.784,330.7,-603.8
19.801,327.6,-605.4
19.818,323.9,-607.5
19.834,318.8,-610.2
19.851,312.4,-613.3
19.868,305.0,-617.0
19.884,296.0,-621.1
19.901,285.9,-625.6
19.918,273.8,-630.8
19.934,261.5,-635.8
19.951,248.0,-641.1
19.968,233.8,-646.4
19.985,218.4,-651.7
20.001,201.0,-657.2
20.018,183.3,-661.9
20.035,165.4,-666.4
20.051,145.9,-670.8
20.068,126.3,-674.8
20.085,105.8,-678.1
20.101,84.85,-680.3
20.118,64.06,-682.6
20.135,41.48,-683.9
20.151,19.93,-684.4
20.168,-2.137,-684.7
20.185,-24.01,-684.3
20.202,-45.62,-683.1
20.218,-67.39,-681.3
20.235,-87.28,-679.3
20.252,-107.6,-676.6
20.268,-127.1,-673.4
20.285,-145.7,-669.3
20.302,-163.6,-665.1
20.318,-180.2,-660.7
20.335,-196.1,-656.0
20.352,-211.9,-651.1
20.369,-225.2,-646.5
20.385,-237.9,-641.9
20.402,-249.1,-637.5
20.419,-259.3,-633.6
20.435,-268.6,-629.9
20.452,-276.0,-626.4
20.469,-282.7,-623.7
20.485,-288.2,-621.1
20.502,-292.0,-619.3
20.519,-295.0,-618.0
20.535,-296.6,-617.2
20.552,-296.8,-617.0
20.569,-295.6,-617.3
20.586,-293.3,-618.7
20.602,-289.9,-620.1
20.619,-285.2,-622.2
20.636,-279.1,-624.9
20.652,-271.9,-628.1
20.669,-263.0,-631.7
20.686,-253.3,-635.8
20.702,-242.4,-640.0
20.719,-230.4,-644.3
20.736,-217.5,-649.2
20.752,-203.1,-653.7
20.769,-187.3,-658.4
20.786,-170.9,-662.8
20.803,-154.4,-667.1
20.819,-136.5,-671.1
20.836,-117.3,-674.6
20.853,-97.92,-677.8
20.869,-77.96,-680.4
20.886,-57.66,-682.2
20.903,-35.57,-683.5
20.919,-14.26,-684.2
20.936,7.437,-684.4
20.953,29.20,-683.9
20.970,50.61,-682.9
20.986,71.87,-681.6
21.003,92.72,-679.3
21.020,113.1,-676.5
21.036,132.8,-673.4
21.053,152.0,-669.5
21.070,170.3,-665.2
21.086,188.1,-660.6
21.103,205.0,-655.7
21.120,221.0,-650.5
21.136,236.6,-645.1
21.153,251.4,-640.0
21.170,264.4,-634.7
21.187,276.0,-629.9
21.203,286.7,-625.2
21.220,296.2,-620.6
21.237,304.5,-617.0
21.253,311.6,-613.6
21.270,317.5,-610.7
21.287,322.3,-608.2
21.303,325.8,-606.4
21.320,328.1,-605.6
21.337,329.0,-605.2
21.354,328.5,-605.1
21.370,327.1,-606.0
21.387,323.9,-607.3
21.404,319.8,-609.6
21.420,314.7,-612.3
21.437,307.6,-615.7
21.454,300.0,-619.5
21.470,290.9,-623.6
21.487,280.9,-628.2
21.504,269.3,-632.9
21.520,256.7,-638.1
21.537,243.2,-643.3
21.554,228.3,-648.8
21.571,212.6,-653.8
21.587,196.0,-658.9
21.604,178.3,-663.6
21.621,159.9,-668.3
21.637,140.8,-672.1
21.654,121.1,-675.7
21.671,100.8,-678.6
21.687,79.61,-681.1
21.704,59.66,-683.0
21.721,37.99,-683.9
21.738,16.19,-684.5
21.754,-6.118,-684.4
21.771,-27.08,-683.9
21.788,-48.20,-682.7
21.804,-69.54,-681.1
21.821,-89.36,-678.6
21.838,-109.2,-675.8
21.854,-128.5,-672.4
21.871,-146.8,-668.8
21.888,-164.2,-664.6
21.904,-181.0,-660.1
21.921,-196.2,-655.4
21.938,-210.8,-651.0
21.955,-224.1,-646.5
21.971,-236.3,-642.4
21.988,-248.0,-638.1
22.005,-257.8,-634.0
22.021,-266.2,-630.5
22.038,-274.1,-627.3
22.055,-280.8,-624.6
22.071,-286.1,-622.2
22.088,-290.0,-620.4
22.105,-292.6,-619.2
22.122,-293.7,-618.6
22.138,-293.6,-618.6
22.155,-292.3,-619.1
22.172,-289.8,-620.2
22.188,-286.0,-621.7
22.205,-281.1,-624.0
22.222,-274.9,-626.6
22.238,-267.6,-629.9
22.255,-258.7,-633.6
22.272,-248.7,-637.6
22.288,-237.9,-641.8
22.305,-225.7,-646.3
22.322,-212.7,-650.9
22.339,-197.8,-655.8
22.355,-182.7,-660.1
22.372,-166.1,-664.3
22.389,-148.9,-668.6
22.405,-131.1,-672.5
22.422,-112.6,-675.9
22.439,-93.22,-678.6
22.455,-73.39,-681.1
22.472,-52.46,-682.6
22.489,-32.01,-683.7
22.506,-10.91,-684.5
22.522,10.41,-684.5
22.539,32.45,-684.0
22.556,53.82,-682.9
22.572,74.52,-681.0
22.589,94.85,-678.9
22.606,115.0,-676.1
22.622,134.6,-672.6
22.639,153.9,-668.8
22.656,172.0,-664.5
22.672,189.8,-659.9
22.689,206.5,-655.1
22.706,222.3,-649.9
22.723,237.3,-644.7
22.739,251.1,-639.7
22.756,263.8,-634.7
22.773,275.1,-630.1
22.789,285.6,-625.2
22.806,295.3,-621.0
22.823,303.6,-617.2
22.839,310.0,-613.9
22.856,315.8,-611.1
22.873,320.1,-608.8
22.890,323.3,-607.1
22.906,325.2,-606.2
