,mass A,,
t,x,y,
0.000,-167.3,-655.9
0.017,-164.0,-656.8
0.033,-156.1,-658.5
0.050,-151.0,-659.7
0.067,-142.4,-661.9
0.083,-133.5,-663.8
0.100,-125.2,-665.2
0.117,-115.4,-667.0
0.133,-105.2,-668.2
0.150,-94.31,-670.1
0.167,-82.43,-671.6
0.184,-70.81,-673.0
0.200,-58.85,-674.1
0.217,-45.67,-675.2
0.234,-30.92,-676.7
0.250,-18.68,-677.1
0.267,-4.536,-676.9
0.284,9.255,-676.9
0.300,23.05,-676.6
0.317,38.76,-676.2
0.334,52.90,-675.5
0.350,65.42,-674.8
0.367,77.62,-673.1
0.384,90.52,-671.7
0.400,102.5,-669.9
0.417,113.3,-668.1
0.434,124.7,-666.1
0.450,136.2,-664.1
0.467,146.5,-662.0
0.484,157.7,-659.6
0.500,166.1,-657.8
0.517,174.2,-655.5
0.534,181.3,-653.8
0.551,187.5,-651.9
0.567,191.6,-650.2
0.584,195.5,-648.2
0.601,200.1,-646.8
0.617,202.4,-646.1
0.634,204.3,-645.2
0.651,206.9,-644.8
0.667,207.7,-644.7
0.684,207.2,-644.7
0.701,204.3,-645.3
0.717,202.2,-645.2
0.734,200.8,-646.7
0.751,196.4,-647.9
0.767,191.3,-649.0
0.784,185.5,-650.1
0.801,179.6,-652.0
0.817,173.1,-653.8
0.834,165.3,-655.9
0.851,156.8,-657.7
0.868,147.8,-659.7
0.884,138.2,-661.8
0.901,128.3,-663.9
0.918,116.7,-664.9
0.934,105.8,-666.7
0.951,94.26,-668.9
0.968,83.72,-670.5
0.984,70.56,-671.9
1.001,58.31,-672.8
1.018,45.32,-673.8
1.034,32.78,-674.2
1.051,20.24,-674.2
1.068,5.850,-673.7
1.084,-7.257,-673.9
1.101,-18.91,-673.7
1.118,-32.84,-673.2
1.134,-43.57,-672.2
1.151,-55.47,-671.0
1.168,-67.40,-670.1
1.185,-80.37,-668.8
1.201,-90.62,-667.7
1.218,-101.0,-666.2
1.235,-110.1,-664.5
1.251,-119.6,-662.9
1.268,-127.2,-661.6
1.285,-135.1,-660.2
1.301,-141.6,-659.0
1.318,-146.8,-657.6
1.335,-152.2,-656.7
1.351,-156.7,-656.0
1.368,-160.2,-655.1
1.385,-164.1,-654.3
1.401,-165.2,-653.7
1.418,-166.2,-653.7
1.435,-166.5,-653.8
1.451,-165.9,-653.9
1.468,-165.0,-654.2
1.485,-162.8,-655.0
1.502,-159.2,-656.0
1.518,-155.8,-657.1
1.535,-150.7,-658.1
1.552,-144.6,-659.8
1.568,-138.5,-661.0
1.585,-130.3,-662.6
1.602,-123.4,-664.0
1.618,-114.2,-665.8
1.635,-105.2,-667.5
1.652,-95.69,-668.8
1.668,-86.34,-670.2
1.685,-73.42,-671.8
1.702,-63.09,-673.1
1.718,-51.85,-673.8
1.735,-40.00,-674.8
1.752,-27.37,-675.9
1.768,-15.81,-675.9
1.785,-3.024,-675.9
1.802,10.83,-676.7
1.818,22.17,-675.7
1.835,35.39,-675.8
1.852,47.49,-674.9
1.869,60.45,-673.9
1.885,72.51,-672.9
1.902,83.74,-671.2
1.919,94.73,-669.0
1.935,106.0,-667.5
1.952,115.5,-666.1
1.969,125.7,-664.2
1.985,137.9,-662.7
2.002,147.0,-660.6
2.019,154.6,-658.8
2.035,161.8,-656.9
2.052,168.4,-655.0
2.069,173.5,-653.3
2.085,179.4,-652.0
2.102,184.1,-650.7
2.119,187.5,-649.7
2.135,190.4,-648.9
2.152,192.3,-648.0
2.169,194.1,-647.6
2.186,194.2,-647.6
2.202,194.1,-647.5
2.219,192.6,-648.0
2.236,190.0,-648.1
2.252,187.2,-649.0
2.269,183.7,-649.9
2.286,179.5,-651.0
2.302,174.0,-652.1
2.319,168.3,-653.8
2.336,162.2,-655.5
2.352,153.7,-657.1
2.369,146.8,-658.7
2.386,138.1,-660.7
2.402,128.3,-662.2
2.419,119.8,-663.7
2.436,110.2,-665.9
2.452,99.21,-667.2
2.469,89.29,-668.8
2.486,76.67,-670.0
2.502,67.70,-671.9
2.519,54.13,-671.7
2.536,40.92,-672.9
2.553,30.76,-673.7
2.569,18.46,-673.8
2.586,5.605,-673.9
2.603,-9.906,-673.0
2.619,-20.87,-672.9
2.636,-33.06,-672.1
2.653,-44.43,-671.7
2.669,-56.00,-670.8
2.686,-66.43,-670.0
2.703,-76.59,-669.0
2.719,-86.75,-668.0
2.736,-95.33,-666.7
2.753,-103.6,-665.6
2.769,-111.6,-664.3
2.786,-120.2,-662.9
2.803,-127.3,-661.7
2.819,-133.2,-660.6
2.836,-138.6,-659.6
2.853,-143.5,-658.3
2.870,-147.0,-657.4
2.886,-150.5,-656.9
2.903,-153.2,-656.2
2.920,-154.7,-655.9
2.936,-155.2,-656.0
2.953,-155.5,-656.0
2.970,-154.9,-656.0
2.986,-153.3,-656.7
3.003,-151.4,-657.1
3.020,-148.2,-657.9
3.036,-144.3,-658.9
3.053,-140.1,-659.9
3.070,-134.9,-661.0
3.086,-128.2,-662.5
3.103,-122.1,-663.7
3.120,-115.1,-665.0
3.136,-107.7,-666.3
3.153,-99.34,-667.3
3.170,-90.07,-668.9
3.187,-81.21,-670.3
3.203,-68.55,-671.6
3.220,-58.21,-672.6
3.237,-46.88,-673.7
3.253,-35.90,-674.6
3.270,-25.26,-674.9
3.287,-14.33,-674.9
3.303,1.157,-675.8
3.320,11.57,-675.6
3.337,21.56,-675.1
3.353,34.50,-674.8
3.370,44.20,-674.2
3.387,58.50,-673.7
3.403,69.66,-672.7
3.420,79.15,-671.0
3.437,90.59,-669.8
3.453,100.8,-668.6
3.470,109.8,-666.8
3.487,118.9,-665.1
3.503,127.4,-663.9
3.520,135.3,-662.1
3.537,143.8,-660.6
3.554,149.9,-658.8
3.570,155.5,-657.2
3.587,162.5,-655.7
3.604,166.2,-654.4
3.620,170.3,-653.2
3.637,174.0,-652.0
3.654,176.0,-651.1
3.670,178.1,-650.6
3.687,179.5,-650.6
3.704,179.0,-650.2
3.720,179.1,-650.4
3.737,177.8,-650.8
3.754,175.6,-651.1
3.770,173.1,-651.7
3.787,169.8,-652.6
3.804,165.7,-653.6
3.820,160.9,-654.8
3.837,155.2,-655.8
3.854,148.6,-657.3
3.871,142.5,-658.7
3.887,134.4,-660.2
3.904,127.6,-661.6
3.921,118.4,-663.0
3.937,109.8,-665.0
3.954,101.3,-666.7
3.971,91.80,-667.8
3.987,80.96,-669.0
4.004,69.23,-670.1
4.021,59.53,-670.8
4.037,48.18,-671.8
4.054,38.11,-672.6
4.071,25.67,-672.9
4.087,15.68,-673.6
4.104,4.498,-673.9
4.121,-6.780,-673.8
4.137,-17.69,-673.8
4.154,-28.28,-672.9
4.171,-40.01,-672.2
4.188,-49.76,-672.0
4.204,-59.86,-671.1
4.221,-70.61,-670.0
4.238,-79.29,-668.7
4.254,-87.90,-667.6
4.271,-96.57,-666.8
4.288,-104.3,-665.8
4.304,-110.9,-664.5
4.321,-118.4,-663.3
4.338,-123.3,-662.5
4.354,-128.3,-661.7
4.371,-132.9,-660.9
4.388,-136.9,-660.1
4.404,-139.5,-659.7
4.421,-142.2,-659.0
4.438,-143.2,-658.7
4.454,-144.1,-658.7
4.471,-144.2,-658.8
4.488,-143.8,-658.9
4.505,-142.6,-659.3
4.521,-140.2,-659.9
4.538,-136.9,-660.6
4.555,-133.0,-661.5
4.571,-128.9,-662.5
4.588,-123.8,-663.7
4.605,-118.6,-665.0
4.621,-112.3,-666.0
4.638,-104.6,-667.6
4.655,-98.54,-668.3
4.671,-87.95,-669.7
4.688,-79.95,-670.7
4.705,-70.99,-671.7
4.721,-61.61,-672.9
4.738,-51.83,-673.4
4.755,-41.28,-674.6
4.771,-31.36,-674.9
4.788,-21.27,-675.0
4.805,-9.813,-675.5
4.821,0.882,-675.6
4.838,14.26,-676.0
4.855,22.34,-675.7
4.872,34.48,-675.2
4.888,45.87,-673.9
4.905,55.91,-673.1
4.922,66.83,-672.8
4.938,77.45,-671.9
4.955,87.44,-670.8
4.972,96.54,-669.1
4.988,105.8,-667.7
5.005,113.7,-666.3
5.022,121.3,-664.7
5.038,128.7,-663.0
5.055,136.7,-661.8
5.072,143.4,-660.6
5.088,148.9,-659.0
5.105,153.6,-658.0
5.122,158.7,-656.7
5.138,162.2,-656.0
5.155,165.3,-655.1
5.172,167.5,-654.3
5.189,169.6,-654.0
5.205,171.1,-653.5
5.222,171.4,-653.6
5.239,170.7,-653.7
5.255,169.4,-654.0
5.272,167.1,-654.1
5.289,164.8,-654.7
5.305,162.1,-655.5
5.322,158.2,-656.5
5.339,153.4,-657.7
5.355,148.1,-658.6
5.372,141.9,-659.8
5.389,134.7,-661.1
5.405,127.5,-662.3
5.422,120.1,-663.9
5.439,112.8,-664.9
5.455,104.6,-666.6
5.472,96.45,-667.8
5.489,86.80,-668.9
5.505,77.14,-669.9
5.522,67.30,-671.1
5.539,57.01,-671.7
5.556,47.80,-672.6
5.572,37.78,-673.6
5.589,26.73,-674.0
5.606,15.38,-674.1
5.622,5.289,-674.0
5.639,-6.493,-674.1
5.656,-17.33,-673.2
5.672,-27.11,-673.0
5.689,-36.60,-672.7
5.706,-46.12,-671.9
5.722,-56.28,-671.0
5.739,-64.99,-670.1
5.756,-73.13,-669.5
5.772,-81.22,-668.7
5.789,-89.36,-668.0
5.806,-96.29,-666.9
5.822,-103.1,-665.9
5.839,-109.4,-665.1
5.856,-114.5,-664.1
5.873,-119.2,-663.2
5.889,-122.8,-662.6
5.906,-126.5,-662.0
5.923,-128.9,-661.5
5.939,-131.5,-661.3
5.956,-132.4,-660.9
5.973,-133.2,-660.9
5.989,-133.3,-660.9
6.006,-132.6,-661.2
6.023,-131.3,-661.0
6.039,-128.8,-661.8
6.056,-126.7,-662.4
6.073,-122.5,-663.0
6.089,-117.6,-663.7
6.106,-113.0,-664.6
6.123,-107.6,-665.7
6.139,-101.9,-666.9
6.156,-95.04,-667.9
6.173,-88.19,-668.9
6.190,-81.07,-670.0
6.206,-72.76,-670.9
6.223,-64.07,-671.9
6.240,-55.75,-672.3
6.256,-46.09,-673.0
6.273,-36.22,-673.7
6.290,-26.06,-674.1
6.306,-13.89,-674.6
6.323,-4.963,-674.8
6.340,4.253,-674.8
6.356,13.12,-674.1
6.373,22.96,-674.1
6.390,34.86,-673.8
6.406,44.18,-673.0
6.423,53.45,-672.2
6.440,64.05,-671.6
6.456,73.26,-670.7
6.473,83.96,-669.6
6.490,90.50,-668.2
6.506,99.38,-667.1
6.523,107.6,-665.6
6.540,115.7,-664.6
6.557,122.8,-663.6
6.573,128.2,-662.0
6.590,134.5,-660.8
6.607,139.2,-660.0
6.623,144.0,-658.8
6.640,147.9,-657.8
6.657,151.3,-657.1
6.673,153.9,-656.1
6.690,156.1,-655.7
6.707,157.1,-655.2
6.723,157.9,-654.9
6.740,157.9,-654.9
6.757,157.3,-655.0
6.773,156.0,-655.3
6.790,154.5,-655.6
6.807,152.0,-656.1
6.823,148.8,-656.9
6.840,145.6,-657.5
6.857,141.1,-658.5
6.874,136.0,-659.6
6.890,130.0,-660.9
6.907,123.5,-662.0
6.924,116.9,-662.9
6.940,109.6,-664.1
6.957,101.9,-665.1
6.974,94.91,-666.5
6.990,86.15,-667.8
7.007,77.86,-668.8
7.024,69.21,-669.9
7.040,60.58,-671.0
7.057,51.74,-671.8
7.074,42.40,-672.7
7.090,32.79,-673.0
7.107,20.97,-672.8
7.124,10.63,-673.0
7.140,0.788,-673.0
7.157,-9.531,-673.0
7.174,-18.97,-672.7
7.191,-28.41,-672.8
7.207,-37.81,-672.1
7.224,-46.30,-671.8
7.241,-55.35,-670.8
7.257,-62.68,-669.8
7.274,-70.91,-669.1
7.291,-78.87,-668.2
7.307,-84.68,-667.7
7.324,-91.83,-667.1
7.341,-98.40,-666.1
7.357,-103.8,-665.1
7.374,-107.9,-664.5
7.391,-112.1,-663.8
7.407,-115.5,-663.6
7.424,-118.8,-662.9
7.441,-121.2,-662.7
7.457,-123.1,-662.2
7.474,-123.5,-662.7
7.491,-123.9,-662.6
7.508,-123.7,-662.8
7.524,-122.6,-662.8
7.541,-121.6,-662.9
7.558,-119.1,-663.8
7.574,-116.5,-664.3
7.591,-112.6,-664.9
7.608,-108.5,-665.8
7.624,-103.7,-666.7
7.641,-98.90,-667.1
7.658,-93.13,-667.9
7.674,-86.83,-668.9
7.691,-80.51,-669.8
7.708,-72.90,-670.5
7.724,-64.64,-671.6
7.741,-57.43,-672.2
7.758,-48.98,-672.9
7.774,-39.53,-673.7
7.791,-31.23,-674.0
7.808,-22.31,-674.1
7.824,-13.20,-674.1
7.841,-3.545,-674.1
7.858,7.828,-674.8
7.875,18.65,-674.7
7.891,25.95,-674.6
7.908,36.37,-673.9
7.925,45.77,-672.9
7.941,54.11,-672.1
7.958,63.72,-671.6
7.975,72.06,-670.7
7.991,80.94,-669.7
8.008,88.65,-668.9
8.025,96.85,-667.6
8.041,103.6,-666.8
8.058,111.4,-665.7
8.075,117.1,-664.2
8.091,122.3,-663.3
8.108,127.8,-662.1
8.125,132.4,-661.2
8.141,136.5,-660.3
8.158,140.6,-659.2
8.175,144.1,-658.6
8.192,145.9,-658.0
8.208,148.2,-657.5
8.225,148.7,-657.3
8.242,149.3,-657.3
8.258,149.4,-657.2
8.275,148.3,-657.3
8.292,147.7,-657.8
8.308,145.5,-658.1
8.325,142.8,-658.2
8.342,139.7,-659.1
8.358,136.1,-659.8
8.375,131.9,-660.7
8.392,127.2,-661.5
8.408,121.4,-662.9
8.425,115.9,-663.5
8.442,109.4,-664.9
8.458,102.8,-665.8
8.475,95.51,-667.0
8.492,88.53,-667.8
8.508,80.44,-669.1
8.525,71.92,-669.9
8.542,63.86,-670.8
8.559,55.75,-671.7
8.575,45.58,-672.1
8.592,37.61,-672.8
8.609,26.92,-672.9
8.625,20.35,-673.9
8.642,10.31,-673.7
8.659,-1.272,-673.1
8.675,-7.389,-673.7
8.692,-18.08,-673.1
8.709,-26.82,-672.9
8.725,-34.99,-672.7
8.742,-42.72,-672.6
8.759,-50.80,-671.9
8.775,-58.03,-671.5
8.792,-66.25,-670.7
8.809,-73.24,-670.1
8.825,-79.68,-669.3
8.842,-84.65,-668.7
8.859,-90.62,-668.0
8.876,-94.75,-667.5
8.892,-98.69,-666.8
8.909,-102.6,-666.4
8.926,-105.9,-665.9
8.942,-108.2,-665.5
8.959,-110.7,-665.2
8.976,-111.7,-664.9
8.992,-112.5,-664.7
9.009,-112.6,-664.8
9.026,-112.2,-665.0
9.042,-111.3,-665.0
9.059,-109.6,-665.4
9.076,-107.3,-665.5
9.092,-104.8,-666.4
9.109,-100.9,-666.7
9.126,-97.32,-667.4
9.142,-92.64,-668.2
9.159,-87.30,-668.8
9.176,-81.68,-669.6
9.193,-75.40,-670.6
9.209,-69.62,-671.3
9.226,-62.79,-672.1
9.243,-54.98,-672.6
9.259,-48.96,-673.3
9.276,-40.09,-673.7
9.293,-32.81,-674.0
9.309,-23.05,-674.6
9.326,-14.99,-674.8
9.343,-6.814,-674.9
9.359,2.940,-674.9
9.376,11.83,-674.9
9.393,20.62,-674.9
9.409,29.06,-674.1
9.426,38.33,-673.7
9.443,48.32,-673.7
9.459,57.29,-672.8
9.476,65.08,-671.9
9.493,72.59,-670.9
9.509,79.46,-670.2
9.526,86.81,-669.0
9.543,93.95,-668.1
9.560,100.7,-667.1
9.576,106.7,-666.1
9.593,112.8,-664.9
9.610,118.0,-663.8
9.626,122.5,-663.1
9.643,126.6,-662.2
9.660,131.8,-661.6
9.676,134.7,-660.9
9.693,138.1,-660.5
9.710,139.4,-660.0
9.726,141.2,-659.5
9.743,142.2,-659.5
9.760,142.5,-659.6
9.776,142.3,-659.7
9.793,141.5,-659.8
9.810,139.8,-659.9
9.826,137.5,-660.2
9.843,135.5,-660.8
9.860,132.1,-661.2
9.877,128.4,-662.0
9.893,124.5,-663.1
9.910,119.9,-663.8
9.927,114.6,-664.6
9.943,108.9,-665.6
9.960,102.9,-666.7
9.977,96.76,-667.5
9.993,90.22,-668.6
10.010,82.99,-669.4
10.027,75.74,-670.5
10.043,67.94,-671.2
10.060,60.18,-672.0
10.077,51.93,-672.7
10.093,43.26,-673.2
10.110,34.80,-673.8
10.127,24.92,-674.0
10.143,18.44,-674.6
10.160,10.99,-674.8
10.177,1.896,-675.0
10.194,-8.367,-674.7
10.210,-16.31,-674.7
10.227,-24.98,-674.0
10.244,-31.92,-673.7
10.260,-40.71,-673.3
10.277,-47.16,-672.7
10.294,-54.41,-672.2
10.310,-60.80,-671.5
10.327,-67.53,-671.2
10.344,-73.31,-670.3
10.360,-78.45,-669.7
10.377,-83.61,-669.2
10.394,-87.90,-668.5
10.410,-91.97,-668.0
10.427,-95.33,-667.7
10.444,-98.15,-667.3
10.460,-100.4,-667.1
10.477,-101.9,-666.6
10.494,-103.1,-666.6
10.511,-103.6,-666.7
10.527,-103.5,-666.7
10.544,-103.0,-666.7
10.561,-102.1,-667.1
10.577,-100.6,-667.3
10.594,-98.07,-667.6
10.611,-95.48,-668.1
10.627,-91.81,-668.5
10.644,-88.26,-669.1
10.661,-83.48,-669.6
10.677,-78.89,-670.3
10.694,-73.61,-670.9
10.711,-67.36,-671.5
10.727,-61.55,-672.4
10.744,-54.43,-672.7
10.761,-48.22,-673.3
10.777,-40.51,-673.6
10.794,-33.50,-674.1
10.811,-24.70,-674.7
10.827,-17.42,-674.8
10.844,-10.10,-674.7
10.861,-0.933,-674.9
10.878,5.794,-674.8
10.894,14.81,-675.0
10.911,24.64,-674.7
10.928,33.27,-674.2
10.944,41.11,-673.9
10.961,49.94,-673.7
10.978,56.77,-672.8
10.994,64.06,-671.7
11.011,71.08,-670.9
11.028,79.02,-670.5
11.044,85.24,-669.7
11.061,92.26,-668.8
11.078,98.35,-667.9
11.094,103.7,-667.0
11.111,108.7,-666.0
11.128,113.8,-665.3
11.144,119.0,-664.6
11.161,122.0,-664.0
11.178,124.8,-663.2
11.195,128.8,-662.7
11.211,130.4,-662.2
11.228,132.3,-662.0
11.245,133.8,-661.8
11.261,134.2,-661.7
11.278,136.6,-661.7
11.295,136.0,-661.8
11.311,134.8,-661.9
11.328,132.3,-662.4
11.345,131.1,-662.5
11.361,127.8,-663.2
11.378,125.1,-663.6
11.395,120.5,-664.3
11.411,116.7,-665.0
11.428,112.4,-666.0
11.445,107.6,-666.6
11.461,102.3,-667.7
11.478,96.03,-668.2
11.495,89.81,-669.2
11.511,83.34,-669.9
11.528,76.60,-670.8
11.545,69.75,-671.6
11.562,62.76,-672.8
11.578,54.79,-673.2
11.595,47.64,-673.6
11.612,39.19,-673.6
11.628,32.01,-674.1
11.645,24.01,-674.6
11.662,14.85,-674.8
11.678,5.933,-674.9
11.695,-1.458,-674.9
11.712,-9.469,-674.5
11.728,-17.39,-674.7
11.745,-24.21,-674.5
11.762,-32.24,-674.0
11.778,-38.91,-673.5
11.795,-45.75,-673.3
11.812,-52.19,-672.7
11.828,-58.75,-672.3
11.845,-64.07,-671.6
11.862,-69.63,-671.2
11.879,-74.03,-670.5
11.895,-79.16,-670.0
11.912,-82.81,-669.5
11.929,-86.44,-669.0
11.945,-89.15,-668.6
11.962,-92.04,-668.2
11.979,-94.04,-667.9
11.995,-95.30,-667.8
12.012,-96.03,-667.6
12.029,-96.13,-667.8
12.045,-96.11,-667.9
12.062,-95.45,-668.0
12.079,-94.25,-668.1
12.095,-92.02,-668.2
12.112,-89.70,-668.6
12.129,-86.99,-669.3
12.145,-83.35,-669.6
12.162,-79.86,-670.1
12.179,-75.13,-670.5
12.196,-70.80,-671.2
12.212,-65.35,-671.7
12.229,-59.78,-672.3
12.246,-53.89,-673.0
12.262,-47.95,-673.2
12.279,-41.23,-673.8
12.296,-34.89,-673.9
12.312,-28.04,-674.1
12.329,-20.19,-674.6
12.346,-12.86,-674.7
12.362,-5.586,-674.6
12.379,2.823,-674.9
12.396,10.37,-675.0
12.412,19.59,-674.7
12.429,28.01,-674.6
12.446,33.55,-674.3
12.462,43.31,-673.8
12.479,49.77,-673.0
12.496,56.18,-672.0
12.512,64.04,-671.7
12.529,70.17,-670.8
12.546,76.32,-670.1
12.563,82.65,-669.2
12.579,89.40,-668.7
12.596,94.67,-667.9
12.613,99.84,-666.9
12.629,104.1,-666.0
12.646,109.1,-665.5
12.663,112.6,-664.9
12.679,115.5,-664.3
12.696,118.4,-663.8
12.713,121.1,-663.1
12.729,123.1,-662.9
12.746,124.7,-662.8
12.763,125.9,-662.7
12.779,126.1,-662.6
12.796,126.1,-662.7
12.813,125.3,-662.9
12.829,123.9,-662.8
12.846,121.8,-663.1
12.863,120.0,-663.7
12.880,117.4,-664.1
12.896,115.1,-664.5
12.913,110.3,-665.1
12.930,106.7,-665.8
12.946,102.5,-666.8
12.963,97.74,-667.7
12.980,91.95,-668.0
12.996,86.95,-668.8
13.013,80.16,-669.1
13.030,73.77,-670.0
13.046,67.85,-670.8
13.063,61.74,-671.7
13.080,53.11,-671.9
13.096,46.83,-672.7
13.113,39.39,-672.9
13.130,33.59,-673.6
13.146,25.57,-673.8
13.163,18.34,-673.9
13.180,8.076,-673.7
13.197,0.725,-674.1
13.213,-7.269,-673.7
13.230,-13.90,-673.8
13.247,-21.41,-673.8
13.263,-27.60,-673.7
13.280,-33.56,-673.5
13.297,-40.51,-673.3
13.313,-46.36,-672.7
13.330,-51.85,-672.4
13.347,-57.92,-672.0
13.363,-63.41,-671.8
13.380,-68.60,-671.1
13.397,-72.54,-670.7
13.413,-76.83,-670.2
13.430,-80.10,-669.7
13.447,-82.95,-669.5
13.463,-86.09,-669.2
13.480,-87.89,-668.7
13.497,-89.23,-668.6
13.514,-90.23,-668.7
13.530,-90.77,-668.8
13.547,-90.56,-668.7
13.564,-90.14,-668.8
13.580,-89.28,-668.9
13.597,-87.73,-669.0
13.614,-85.88,-669.1
13.630,-82.92,-669.5
13.647,-80.46,-670.0
13.664,-77.25,-670.3
13.680,-73.16,-670.6
13.697,-69.01,-671.0
13.714,-64.02,-671.5
13.730,-59.24,-671.9
13.747,-54.30,-672.3
13.764,-48.04,-672.8
13.780,-40.70,-673.7
13.797,-35.05,-673.8
13.814,-28.87,-674.0
13.830,-21.76,-674.1
13.847,-15.96,-674.2
13.864,-8.651,-674.3
13.881,1.101,-674.8
13.897,8.445,-674.7
13.914,13.95,-674.1
13.931,20.65,-674.2
13.947,29.04,-673.7
13.964,37.11,-673.5
13.981,42.87,-673.2
13.997,50.25,-673.1
14.014,56.94,-672.0
14.031,64.16,-671.8
14.047,69.80,-671.1
14.064,75.41,-670.3
14.081,82.00,-669.7
14.097,87.34,-668.9
14.114,92.00,-667.9
14.131,97.86,-667.6
14.147,101.3,-667.0
14.164,105.0,-666.0
14.181,109.4,-665.7
14.198,111.5,-665.2
14.214,114.6,-664.7
14.231,116.9,-664.5
14.248,117.6,-664.0
14.264,119.0,-663.8
14.281,119.7,-663.9
14.298,119.7,-663.9
14.314,119.2,-664.0
14.331,118.5,-664.1
14.348,116.8,-664.0
14.364,115.7,-664.7
14.381,113.2,-664.9
14.398,110.8,-665.6
14.414,107.0,-665.9
14.431,104.2,-666.5
14.448,99.54,-667.0
14.464,95.46,-667.9
14.481,89.94,-668.1
14.498,85.35,-669.0
14.514,80.66,-669.8
14.531,74.06,-670.0
14.548,68.83,-670.7
14.565,62.01,-671.8
14.581,55.20,-672.2
14.598,49.16,-672.6
14.615,41.80,-672.9
14.631,35.01,-673.1
14.648,27.93,-673.7
14.665,20.37,-674.1
14.681,13.52,-673.9
14.698,8.748,-674.5
14.715,-0.781,-674.2
14.731,-7.976,-674.0
14.748,-14.90,-673.8
14.765,-21.21,-673.7
14.781,-27.03,-673.5
14.798,-34.29,-673.0
14.815,-39.81,-672.9
14.831,-45.19,-672.6
14.848,-51.71,-672.2
14.865,-56.09,-671.9
14.882,-60.32,-671.5
14.898,-64.77,-671.2
14.915,-68.35,-670.8
14.932,-71.50,-670.5
14.948,-74.87,-670.1
14.965,-77.84,-669.9
14.982,-79.91,-669.7
14.998,-81.28,-669.6
15.015,-82.47,-669.6
15.032,-82.68,-669.5
15.048,-82.74,-669.5
15.065,-82.64,-669.6
15.082,-82.27,-669.7
15.098,-80.74,-669.9
15.115,-79.17,-670.0
15.132,-77.31,-670.2
15.148,-74.14,-670.4
15.165,-71.29,-670.8
15.182,-68.05,-671.1
15.199,-64.32,-671.4
15.215,-59.86,-671.7
15.232,-55.59,-672.2
15.249,-50.47,-672.7
15.265,-45.56,-672.9
15.282,-40.30,-673.3
15.299,-33.87,-673.5
15.315,-28.02,-674.0
15.332,-22.03,-673.9
15.349,-16.22,-674.1
15.365,-9.422,-674.3
15.382,-2.735,-674.2
15.399,5.960,-674.6
15.415,11.22,-674.3
15.432,18.60,-674.1
15.449,26.20,-673.9
15.465,34.26,-673.6
15.482,39.80,-673.2
15.499,46.51,-672.7
15.515,52.10,-672.1
15.532,58.80,-671.7
15.549,64.22,-671.1
15.566,70.56,-670.6
15.582,75.19,-669.9
15.599,80.42,-669.2
15.616,85.92,-668.5
15.632,89.86,-667.9
15.649,94.12,-667.4
15.666,97.83,-667.0
15.682,101.9,-666.6
15.699,103.9,-666.0
15.716,107.0,-665.6
15.732,108.4,-665.2
15.749,110.2,-664.9
15.766,111.6,-664.9
15.782,112.6,-664.7
15.799,112.8,-664.6
15.816,112.9,-664.5
15.832,112.2,-664.6
15.849,110.8,-664.9
15.866,109.0,-665.0
15.883,106.8,-665.2
15.899,105.4,-665.8
15.916,101.9,-666.0
15.933,99.23,-666.8
15.949,94.85,-667.1
15.966,91.59,-667.8
15.983,86.88,-668.0
15.999,82.96,-668.7
16.016,77.13,-669.1
16.033,72.27,-670.0
16.049,67.64,-670.6
16.066,60.85,-671.2
16.083,55.89,-671.6
16.099,49.19,-671.8
16.116,43.59,-672.6
16.133,37.21,-672.9
16.149,31.46,-673.6
16.166,23.64,-673.0
16.183,18.41,-673.7
16.200,8.934,-673.0
16.216,4.624,-673.6
16.233,-2.504,-673.7
16.250,-10.15,-672.9
16.266,-17.92,-672.1
16.283,-23.69,-672.1
16.300,-28.89,-671.6
16.316,-35.46,-671.3
16.333,-40.59,-671.2
16.350,-45.10,-670.8
16.366,-49.70,-670.7
16.383,-54.14,-670.1
16.400,-57.91,-669.6
16.416,-62.40,-669.2
16.433,-65.25,-668.9
16.450,-68.28,-668.8
16.466,-71.85,-668.1
16.483,-73.51,-668.0
16.500,-74.98,-667.7
16.517,-76.24,-667.8
16.533,-77.24,-667.8
16.550,-77.28,-667.6
16.567,-77.28,-667.7
16.583,-77.01,-667.8
16.600,-76.20,-668.0
16.617,-74.72,-668.1
16.633,-73.07,-668.1
16.650,-71.30,-668.3
16.667,-68.03,-668.5
16.683,-65.31,-669.0
16.700,-62.22,-669.1
16.717,-58.54,-669.3
16.733,-54.07,-670.0
16.750,-49.89,-670.1
16.767,-44.34,-670.7
16.783,-39.90,-670.8
16.800,-34.81,-671.2
16.817,-28.29,-671.6
16.833,-22.69,-671.9
16.850,-16.44,-672.0
16.867,-11.05,-671.9
16.884,-5.146,-672.0
16.900,1.242,-672.2
16.917,12.66,-672.9
16.934,14.71,-680.2
16.950,22.09,-680.2
16.967,28.80,-680.1
16.984,35.41,-680.0
17.000,41.26,-680.0
17.017,47.31,-679.5
17.034,53.79,-679.0
17.050,58.67,-678.4
17.067,64.14,-678.0
17.084,68.20,-677.1
17.100,73.66,-677.0
17.117,77.79,-676.3
17.134,82.74,-676.0
17.150,86.49,-675.2
17.167,90.00,-674.8
17.184,93.05,-674.1
17.201,95.90,-673.8
17.217,97.98,-673.4
17.234,100.4,-673.1
17.251,102.2,-672.7
17.267,102.6,-672.6
17.284,103.7,-672.3
17.301,104.2,-672.1
17.317,104.0,-672.1
17.334,103.7,-672.3
17.351,102.7,-672.3
17.367,101.3,-672.5
17.384,99.38,-672.6
17.401,97.84,-672.9
17.417,95.10,-673.1
17.434,92.78,-673.9
17.451,89.19,-674.0
17.467,85.00,-674.4
17.484,81.48,-675.3
17.501,77.02,-675.3
17.517,72.38,-676.3
17.534,68.24,-677.0
17.551,62.79,-677.4
17.568,58.03,-677.9
17.584,52.39,-678.5
17.601,47.40,-679.0
17.618,41.89,-679.0
17.634,36.71,-679.9
17.651,30.20,-680.0
17.668,22.67,-680.2
17.684,17.50,-680.2
17.701,10.42,-680.3
17.718,4.662,-680.2
17.734,-1.398,-680.4
17.751,-8.003,-680.2
17.768,-13.71,-680.3
17.784,-19.24,-680.2
17.801,-25.01,-680.1
17.818,-30.56,-680.1
17.834,-35.71,-680.2
17.851,-39.91,-679.8
17.868,-44.56,-679.9
17.885,-49.42,-679.5
17.901,-53.36,-679.4
17.918,-56.48,-679.1
17.935,-59.44,-679.3
17.951,-62.22,-679.0
17.968,-64.63,-678.9
17.985,-66.99,-678.7
18.001,-68.99,-678.3
18.018,-70.23,-678.3
18.035,-71.25,-678.2
18.051,-71.88,-678.1
18.068,-72.00,-678.1
18.085,-72.02,-678.1
18.101,-71.31,-678.2
18.118,-70.09,-678.4
18.135,-68.09,-678.7
18.151,-65.87,-678.7
18.168,-63.80,-679.0
18.185,-61.60,-679.4
18.202,-58.35,-679.3
18.218,-54.97,-679.4
18.235,-50.60,-679.9
18.252,-46.20,-680.1
18.268,-41.81,-680.2
18.285,-36.73,-680.9
18.302,-31.52,-681.0
18.318,-26.49,-681.2
18.335,-21.31,-681.2
18.352,-15.76,-681.4
18.368,-9.571,-681.4
18.385,-3.829,-681.2
18.402,1.961,-681.2
18.418,8.002,-681.2
18.435,13.71,-681.3
18.452,19.62,-681.2
18.468,26.96,-680.9
18.485,33.13,-681.0
18.502,38.58,-681.0
18.518,44.75,-680.8
18.535,48.92,-680.1
18.552,54.82,-680.0
18.569,58.99,-679.2
18.585,64.20,-678.8
18.602,67.87,-678.2
18.619,72.40,-677.5
18.635,76.73,-677.1
18.652,81.01,-676.8
18.669,83.72,-676.4
18.685,87.27,-676.2
18.702,90.73,-675.9
18.719,92.71,-675.2
18.735,94.99,-674.9
18.752,96.89,-674.9
18.769,97.66,-674.3
18.785,98.70,-674.3
18.802,99.41,-674.3
18.819,99.51,-674.2
18.835,99.33,-674.3
18.852,98.62,-674.3
18.869,97.43,-674.4
18.886,95.74,-674.4
18.902,94.59,-674.9
18.919,92.19,-674.8
18.936,89.19,-675.2
18.952,85.90,-675.3
18.969,83.19,-675.9
18.986,78.90,-676.3
19.002,75.71,-676.9
19.019,71.32,-677.5
19.036,67.29,-678.3
19.052,62.12,-678.1
19.069,57.59,-679.0
19.086,52.56,-679.0
19.102,47.92,-679.9
19.119,42.03,-679.9
19.136,36.32,-680.3
19.152,30.17,-680.1
19.169,23.68,-680.4
19.186,19.04,-680.8
19.203,12.41,-681.1
19.219,6.565,-681.0
19.236,1.938,-681.3
19.253,-4.158,-681.4
19.269,-9.745,-681.2
19.286,-15.62,-681.2
19.303,-20.43,-681.0
19.319,-25.76,-681.1
19.336,-31.58,-680.4
19.353,-36.08,-680.2
19.369,-40.82,-680.1
19.386,-45.00,-680.0
19.403,-49.10,-679.9
19.419,-53.65,-679.5
19.436,-56.51,-679.2
19.453,-58.92,-678.8
19.469,-61.23,-679.0
19.486,-63.64,-679.0
19.503,-65.23,-678.8
19.520,-66.29,-678.8
19.536,-66.95,-678.8
19.553,-67.56,-679.0
19.570,-67.41,-679.0
19.586,-67.35,-679.0
19.603,-66.89,-678.9
19.620,-66.98,-679.0
19.636,-65.73,-679.1
19.653,-63.54,-679.2
19.670,-61.83,-679.1
19.686,-59.79,-679.2
19.703,-57.11,-679.2
19.720,-54.51,-679.4
19.736,-51.12,-679.3
19.753,-46.16,-679.9
19.770,-42.27,-680.1
19.786,-38.31,-680.2
19.803,-33.77,-680.4
19.820,-28.80,-680.2
19.836,-24.05,-680.3
19.853,-16.83,-680.9
19.870,-12.13,-681.0
19.887,-6.897,-681.0
19.903,-1.728,-681.3
19.920,4.522,-681.2
19.937,10.59,-681.1
19.953,16.71,-681.1
19.970,22.62,-681.1
19.987,29.54,-681.1
20.003,35.29,-681.1
20.020,41.40,-680.9
20.037,44.42,-680.2
20.053,50.37,-680.2
20.070,54.45,-679.3
20.087,59.66,-679.1
20.103,64.63,-679.1
20.120,68.42,-678.4
20.137,72.23,-678.2
20.153,76.88,-677.8
20.170,78.98,-677.0
20.187,82.69,-677.1
20.204,84.92,-676.2
20.220,87.86,-676.0
20.237,89.48,-676.2
20.254,91.67,-676.0
20.270,93.16,-675.8
20.287,93.54,-675.5
20.304,94.54,-675.2
20.320,94.82,-675.1
20.337,94.67,-675.2
20.354,93.98,-675.1
20.370,92.97,-675.1
20.387,92.32,-676.0
20.404,90.67,-676.1
20.420,88.56,-676.2
20.437,86.09,-676.2
20.454,82.80,-676.4
20.470,80.69,-677.0
20.487,76.93,-677.2
20.504,73.93,-677.8
20.520,69.16,-678.0
20.537,64.93,-678.4
20.554,61.06,-678.8
20.571,56.08,-679.0
20.587,51.83,-679.8
20.604,46.81,-680.2
20.621,41.13,-679.8
20.637,35.27,-680.5
20.654,29.69,-680.4
20.671,24.69,-680.3
20.687,21.20,-680.9
20.704,14.17,-680.9
20.721,9.517,-681.3
20.737,3.254,-681.3
20.754,-1.676,-681.2
20.771,-7.714,-681.3
20.787,-12.20,-681.1
20.804,-16.94,-681.0
20.821,-22.13,-681.1
20.837,-26.43,-681.1
20.854,-30.42,-680.9
20.871,-36.15,-680.4
20.888,-40.09,-680.3
20.904,-43.98,-680.1
20.921,-47.38,-680.1
20.938,-49.87,-679.8
20.954,-52.35,-679.9
20.971,-56.11,-679.4
20.988,-57.89,-679.0
21.004,-59.17,-679.2
21.021,-60.69,-679.3
21.038,-61.25,-679.1
21.054,-62.09,-679.0
21.071,-62.24,-679.1
21.088,-62.24,-679.1
21.104,-61.77,-679.2
21.121,-61.24,-679.1
21.138,-60.23,-679.4
21.154,-58.61,-679.4
21.171,-56.55,-679.3
21.188,-53.60,-679.9
21.205,-51.16,-680.0
21.221,-48.37,-680.2
21.238,-45.26,-680.3
21.255,-41.68,-680.4
21.271,-38.10,-680.4
21.288,-33.32,-680.8
21.305,-28.76,-681.0
21.321,-24.41,-681.0
21.338,-20.39,-681.2
21.355,-16.04,-681.2
21.371,-10.46,-681.2
21.388,-6.259,-681.4
21.405,-1.219,-681.3
21.421,4.903,-681.2
21.438,10.03,-681.0
21.455,15.21,-681.2
21.471,21.12,-680.9
21.488,20.19,-679.2
21.505,30.57,-680.2
21.521,36.04,-680.0
21.538,41.58,-680.1
21.555,46.78,-679.9
21.572,49.32,-679.4
21.588,54.59,-679.0
21.605,58.40,-678.4
21.622,62.90,-678.0
21.638,66.86,-678.1
21.655,70.30,-678.0
21.672,73.71,-677.2
21.688,77.02,-676.9
21.705,78.87,-676.3
21.722,81.66,-676.2
21.738,83.91,-676.0
21.755,85.93,-675.8
21.772,86.62,-675.4
21.788,87.62,-675.3
21.805,88.52,-675.2
21.822,88.87,-675.0
21.838,88.81,-675.1
21.855,88.30,-675.3
21.872,87.72,-675.4
21.889,86.59,-675.3
21.905,84.87,-675.3
21.922,83.72,-676.0
21.939,81.44,-676.3
21.955,78.69,-676.3
21.972,76.68,-676.9
21.989,73.27,-677.4
22.005,69.62,-677.3
22.022,66.89,-677.9
22.039,62.75,-678.1
22.055,58.62,-678.5
22.072,54.88,-678.9
22.089,50.54,-679.4
22.105,46.93,-680.0
22.122,41.98,-680.2
22.139,36.72,-680.1
22.155,31.46,-680.2
22.172,23.97,-679.9
22.189,21.71,-681.0
22.206,16.46,-681.2
22.222,11.31,-681.2
22.239,7.509,-681.0
22.256,1.787,-681.1
22.272,-2.674,-681.2
22.289,-7.794,-681.0
22.306,-13.41,-681.1
22.322,-17.49,-681.0
22.339,-21.24,-681.0
22.356,-25.52,-681.1
22.372,-29.17,-681.0
22.389,-33.04,-680.9
22.406,-36.14,-680.8
22.422,-40.31,-680.5
22.439,-43.30,-680.2
22.456,-45.88,-680.0
22.472,-48.00,-679.7
22.489,-50.07,-679.8
22.506,-53.53,-679.5
22.523,-54.53,-679.3
22.539,-55.27,-679.1
22.556,-55.95,-679.1
22.573,-56.09,-679.1
22.589,-56.20,-679.0
22.606,-55.95,-678.9
22.623,-55.40,-679.0
22.639,-54.34,-679.1
22.656,-53.11,-679.2
22.673,-51.78,-679.5
22.689,-49.52,-679.3
22.706,-47.25,-679.5
22.723,-44.77,-679.5
22.739,-41.20,-679.8
22.756,-38.01,-680.0
22.773,-34.45,-680.1
22.789,-30.90,-680.0
22.806,-27.32,-680.3
22.823,-23.50,-680.4
22.839,-19.08,-680.2
22.856,-14.72,-680.5
22.873,-9.605,-680.4
22.890,-5.162,-680.2
22.906,-0.268,-680.3
22.923,4.527,-680.3
22.940,10.10,-680.2
22.956,14.98,-680.3
22.973,19.82,-680.3
22.990,24.61,-680.2
23.006,30.53,-680.3
23.023,34.35,-679.4
23.040,39.38,-679.3
23.056,44.40,-679.2
23.073,48.99,-678.9
23.090,52.14,-678.0
23.106,56.04,-677.9
23.123,60.23,-678.2
23.140,63.07,-677.1
23.156,66.55,-677.2
23.173,70.09,-676.9
23.190,73.28,-677.2
23.207,75.19,-676.0
23.223,77.83,-676.0
23.240,79.66,-676.1
23.257,81.79,-676.0
23.273,83.13,-675.8
23.290,83.14,-675.1
23.307,84.01,-675.2
23.323,84.46,-675.4
23.340,84.42,-675.4
23.357,84.33,-675.4
23.373,83.79,-675.3
23.390,82.71,-675.3
23.407,81.13,-675.2
23.423,80.08,-675.8
23.440,78.00,-676.0
