,mass A,,
t,x,y,
0.000,-214.2,-649.7
0.017,-208.3,-652.0
0.033,-201.0,-654.7
0.050,-192.2,-657.4
0.067,-183.1,-660.3
0.083,-173.8,-662.8
0.100,-162.5,-665.9
0.117,-151.2,-668.9
0.133,-138.5,-671.9
0.150,-125.1,-674.8
0.167,-110.9,-677.4
0.184,-96.47,-679.8
0.200,-81.14,-681.7
0.217,-65.72,-683.4
0.234,-49.11,-685.2
0.250,-31.67,-686.3
0.267,-15.52,-687.1
0.284,2.318,-687.4
0.300,19.81,-687.5
0.317,36.48,-687.0
0.334,54.65,-686.3
0.350,72.17,-685.3
0.367,88.26,-683.9
0.384,104.9,-682.2
0.400,120.5,-680.1
0.417,136.8,-677.3
0.434,151.6,-674.6
0.450,166.5,-671.1
0.467,181.0,-667.5
0.484,193.7,-664.3
0.500,205.0,-661.0
0.517,217.1,-657.7
0.534,227.1,-654.5
0.551,236.7,-651.4
0.567,244.7,-648.5
0.584,251.5,-645.6
0.601,257.5,-643.0
0.617,263.1,-640.8
0.634,267.2,-638.9
0.651,270.9,-637.8
0.667,272.9,-636.6
0.684,274.1,-636.2
0.701,273.9,-636.6
0.717,273.1,-636.8
0.734,270.9,-637.5
0.751,267.6,-638.6
0.767,263.3,-640.4
0.784,258.4,-642.5
0.801,251.9,-644.7
0.817,244.5,-647.5
0.834,236.1,-650.4
0.851,226.2,-653.6
0.868,216.0,-656.8
0.884,204.8,-659.9
0.901,192.6,-662.9
0.918,179.6,-666.4
0.934,166.6,-669.6
0.951,152.0,-672.8
0.968,137.2,-675.5
0.984,121.4,-678.1
1.001,106.1,-680.2
1.018,89.10,-681.8
1.034,72.52,-683.6
1.051,55.35,-684.7
1.068,38.47,-685.2
1.084,20.64,-685.6
1.101,3.159,-685.2
1.118,-14.02,-685.1
1.134,-31.07,-684.2
1.151,-47.90,-683.4
1.168,-64.34,-681.7
1.185,-80.06,-680.1
1.201,-95.26,-677.9
1.218,-109.4,-675.4
1.235,-123.8,-672.9
1.251,-137.2,-670.1
1.268,-149.7,-666.8
1.285,-161.0,-664.2
1.301,-171.9,-661.2
1.318,-181.8,-658.5
1.335,-191.0,-655.8
1.351,-199.0,-653.2
1.368,-206.1,-650.7
1.385,-212.6,-648.6
1.401,-217.7,-646.8
1.418,-221.5,-645.4
1.435,-224.9,-644.4
1.451,-227.2,-643.5
1.468,-228.4,-643.0
1.485,-228.5,-643.0
1.502,-227.6,-643.5
1.518,-225.8,-643.9
1.535,-223.1,-644.8
1.552,-219.1,-646.3
1.568,-214.4,-648.2
1.585,-208.5,-649.8
1.602,-201.6,-652.1
1.618,-193.5,-654.6
1.635,-185.0,-657.3
1.652,-175.1,-660.2
1.668,-164.8,-663.3
1.685,-153.3,-666.2
1.702,-141.4,-669.3
1.718,-128.6,-672.1
1.735,-115.0,-674.7
1.752,-100.9,-677.0
1.768,-86.12,-679.4
1.785,-70.79,-681.2
1.802,-54.99,-683.0
1.818,-38.63,-684.2
1.835,-22.01,-685.2
1.852,-5.619,-686.1
1.869,11.74,-686.0
1.885,28.90,-685.8
1.902,46.39,-685.6
1.919,63.43,-684.6
1.935,80.21,-682.8
1.952,96.25,-680.9
1.969,112.4,-678.8
1.985,128.2,-676.4
2.002,143.1,-673.8
2.019,157.5,-670.9
2.035,171.7,-667.7
2.052,185.0,-664.4
2.069,197.2,-661.3
2.085,208.8,-658.2
2.102,219.6,-654.9
2.119,229.3,-652.0
2.135,238.2,-649.0
2.152,246.0,-646.2
2.169,252.9,-643.8
2.186,258.7,-641.6
2.202,263.6,-639.8
2.219,267.5,-638.5
2.236,270.0,-637.1
2.252,271.3,-636.7
2.269,272.1,-636.3
2.286,271.4,-636.8
2.302,269.8,-637.3
2.319,267.0,-638.5
2.336,262.9,-639.9
2.352,258.1,-641.6
2.369,251.7,-643.9
2.386,244.5,-646.2
2.402,236.6,-648.8
2.419,227.7,-651.9
2.436,218.0,-654.9
2.452,207.1,-658.0
2.469,195.8,-661.2
2.486,183.1,-664.6
2.502,169.7,-667.9
2.519,155.9,-670.7
2.536,141.2,-673.5
2.553,126.3,-676.2
2.569,111.0,-678.5
2.586,95.30,-680.9
2.603,78.83,-682.4
2.619,62.13,-683.7
2.636,44.84,-684.5
2.653,27.52,-684.9
2.669,10.32,-685.1
2.686,-5.715,-684.6
2.703,-23.02,-684.3
2.719,-39.59,-683.4
2.736,-55.38,-682.3
2.753,-70.66,-680.3
2.769,-86.02,-678.4
2.786,-100.7,-676.3
2.803,-115.3,-674.1
2.819,-128.2,-671.5
2.836,-140.9,-668.2
2.853,-152.9,-665.7
2.870,-164.2,-662.8
2.886,-174.2,-659.9
2.903,-183.7,-657.0
2.920,-192.1,-654.5
2.936,-199.5,-652.3
2.953,-206.0,-650.3
2.970,-211.6,-648.4
2.986,-216.1,-646.9
3.003,-219.8,-645.5
3.020,-222.6,-644.5
3.036,-224.2,-644.0
3.053,-224.8,-643.7
3.070,-224.7,-643.9
3.086,-223.2,-644.4
3.103,-220.8,-645.3
3.120,-217.5,-646.6
3.136,-213.2,-648.2
3.153,-207.9,-650.1
3.170,-201.5,-652.1
3.187,-194.3,-654.4
3.203,-186.0,-657.2
3.220,-177.3,-659.8
3.237,-167.2,-662.7
3.253,-155.7,-665.5
3.270,-144.2,-668.7
3.287,-131.9,-671.1
3.303,-119.0,-673.8
3.320,-106.0,-676.3
3.337,-91.55,-678.7
3.353,-76.63,-680.7
3.370,-60.78,-682.4
3.387,-45.55,-683.9
3.403,-28.82,-684.8
3.420,-11.73,-685.5
3.437,4.833,-685.9
3.453,21.33,-686.0
3.470,38.66,-685.4
3.487,55.90,-684.8
3.503,72.19,-683.4
3.520,88.85,-682.3
3.537,105.1,-680.4
3.554,120.6,-678.4
3.570,135.9,-675.8
3.587,149.9,-673.0
3.604,164.1,-669.6
3.620,177.3,-666.5
3.637,189.9,-663.2
3.654,201.6,-660.2
3.670,212.8,-657.0
3.687,222.7,-653.9
3.704,231.9,-650.8
3.720,240.0,-648.0
3.737,247.8,-645.5
3.754,253.6,-643.4
3.770,259.3,-641.3
3.787,263.0,-639.8
3.804,266.2,-638.4
3.820,268.1,-637.7
3.837,269.0,-637.4
3.854,268.8,-637.5
3.871,267.5,-637.9
3.887,265.3,-638.9
3.904,262.2,-639.9
3.921,257.8,-641.5
3.937,252.3,-643.4
3.954,245.4,-646.0
3.971,238.2,-648.3
3.987,229.8,-651.3
4.004,220.1,-654.1
4.021,209.6,-657.1
4.037,198.7,-660.3
4.054,186.8,-663.4
4.071,174.0,-666.7
4.087,160.3,-669.9
4.104,146.5,-672.8
4.121,131.9,-675.4
4.137,116.8,-677.9
4.154,100.8,-679.9
4.171,85.05,-681.6
4.188,69.42,-683.4
4.204,51.61,-684.1
4.221,34.95,-684.9
4.238,17.51,-685.2
4.254,1.467,-685.1
4.271,-16.19,-684.0
4.288,-32.04,-683.5
4.304,-48.25,-682.6
4.321,-64.44,-681.0
4.338,-79.37,-679.5
4.354,-94.05,-677.3
4.371,-108.1,-674.8
4.388,-121.3,-672.3
4.404,-134.4,-669.7
4.421,-146.6,-667.1
4.438,-158.1,-664.2
4.454,-168.8,-661.3
4.471,-178.3,-658.6
4.488,-186.8,-656.2
4.505,-194.9,-654.0
4.521,-201.8,-651.7
4.538,-207.9,-649.4
4.555,-213.0,-647.7
4.571,-217.1,-646.4
4.588,-220.2,-645.4
4.605,-222.3,-644.7
4.621,-223.4,-644.4
4.638,-223.3,-644.5
4.655,-222.5,-644.7
4.671,-220.7,-645.5
4.688,-217.4,-646.8
4.705,-213.5,-648.0
4.721,-208.4,-649.9
4.738,-202.7,-651.9
4.755,-195.6,-654.1
4.771,-187.9,-656.5
4.788,-179.0,-659.2
4.805,-169.2,-661.6
4.821,-159.0,-664.5
4.838,-148.0,-667.0
4.855,-136.1,-670.1
4.872,-123.0,-672.8
4.888,-109.8,-675.3
4.905,-95.52,-677.8
4.922,-80.90,-679.9
4.938,-65.76,-681.4
4.955,-49.91,-683.2
4.972,-34.55,-684.5
4.988,-17.93,-685.2
5.005,-1.302,-685.8
5.022,15.44,-686.0
5.038,32.72,-685.7
5.055,48.90,-685.0
5.072,65.54,-683.4
5.088,82.02,-682.3
5.105,98.04,-680.9
5.122,113.3,-678.6
5.138,128.7,-676.6
5.155,143.7,-673.7
5.172,157.8,-671.2
5.189,171.0,-668.0
5.205,184.0,-664.9
5.222,195.9,-661.4
5.239,207.1,-658.3
5.255,217.4,-655.4
5.272,226.7,-652.5
5.289,235.1,-649.8
5.305,243.4,-647.4
5.322,249.6,-644.9
5.339,255.5,-642.9
5.355,259.8,-641.0
5.372,263.5,-639.5
5.389,265.7,-638.7
5.405,267.4,-638.3
5.422,267.4,-638.1
5.439,266.9,-638.2
5.455,264.9,-639.0
5.472,262.1,-639.9
5.489,258.0,-641.5
5.505,253.2,-643.4
5.522,247.1,-645.5
5.539,239.8,-647.8
5.556,231.8,-650.6
5.572,223.0,-653.5
5.589,212.8,-656.5
5.606,202.2,-659.8
5.622,190.4,-662.8
5.639,177.7,-665.9
5.656,165.0,-668.8
5.672,151.3,-671.6
5.689,137.1,-674.5
5.706,122.2,-677.0
5.722,107.3,-679.4
5.739,91.27,-680.8
5.756,75.94,-682.6
5.772,58.94,-683.6
5.789,41.81,-684.5
5.806,25.22,-684.9
5.822,8.029,-684.9
5.839,-8.415,-684.8
5.856,-24.76,-683.9
5.873,-40.86,-682.9
5.889,-56.69,-681.6
5.906,-72.31,-679.9
5.923,-87.05,-678.1
5.939,-101.4,-675.9
5.956,-115.0,-673.3
5.973,-127.9,-671.0
5.989,-140.3,-668.4
6.006,-151.8,-665.5
6.023,-162.6,-663.0
6.039,-172.6,-660.1
6.056,-181.7,-657.5
6.073,-189.6,-655.3
6.089,-196.8,-652.8
6.106,-202.9,-650.7
6.123,-208.8,-648.9
6.139,-213.1,-647.4
6.156,-216.4,-646.4
6.173,-218.9,-645.6
6.190,-220.4,-645.2
6.206,-220.9,-645.0
6.223,-220.4,-645.3
6.240,-218.9,-645.8
6.256,-216.4,-646.8
6.273,-212.9,-648.0
6.290,-208.4,-649.7
6.306,-203.2,-651.6
6.323,-196.7,-653.4
6.340,-189.6,-656.0
6.356,-181.2,-658.4
6.373,-172.3,-661.0
6.390,-161.8,-663.8
6.406,-151.1,-666.6
6.423,-139.6,-669.4
6.440,-126.9,-672.1
6.456,-114.2,-674.6
6.473,-100.5,-676.9
6.490,-86.44,-679.0
6.506,-71.68,-680.7
6.523,-56.02,-682.5
6.540,-40.19,-683.8
6.557,-24.03,-684.9
6.573,-7.357,-685.3
6.590,9.037,-685.7
6.607,24.97,-685.6
6.623,41.81,-685.0
6.640,58.28,-683.7
6.657,74.52,-683.1
6.673,91.01,-681.2
6.690,106.2,-679.4
6.707,121.3,-677.3
6.723,136.0,-675.1
6.740,150.6,-672.3
6.757,164.0,-669.5
6.773,177.1,-666.4
6.790,189.3,-663.2
6.807,200.8,-660.3
6.823,211.3,-657.4
6.840,221.1,-654.4
6.857,229.7,-651.7
6.874,237.2,-649.0
6.890,244.5,-646.5
6.907,250.6,-644.3
6.924,255.4,-642.7
6.940,259.6,-641.4
6.957,262.0,-640.1
6.974,264.2,-639.4
6.990,264.9,-639.3
7.007,264.4,-639.5
7.024,262.9,-640.1
7.040,260.6,-640.8
7.057,256.9,-642.0
7.074,252.7,-643.6
7.090,247.1,-645.6
7.107,240.2,-647.8
7.124,233.2,-650.2
7.140,223.9,-652.8
7.157,214.5,-656.0
7.174,204.4,-659.3
7.191,193.2,-662.0
7.207,181.4,-665.3
7.224,168.8,-668.2
7.241,155.4,-671.3
7.257,141.7,-674.1
7.274,127.3,-676.4
7.291,112.3,-678.8
7.307,96.80,-681.0
7.324,81.43,-682.4
7.341,65.55,-683.7
7.357,48.98,-684.4
7.374,32.22,-685.0
7.391,15.85,-685.2
7.407,-1.168,-685.1
7.424,-17.66,-684.7
7.441,-33.79,-683.5
7.457,-49.56,-682.6
7.474,-65.10,-681.1
7.491,-80.01,-679.1
7.508,-94.43,-677.3
7.524,-108.5,-675.0
7.541,-121.4,-672.5
7.558,-133.7,-669.9
7.574,-145.3,-667.3
7.591,-156.4,-664.6
7.608,-166.5,-662.0
7.624,-175.7,-659.5
7.641,-184.1,-656.8
7.658,-191.9,-654.5
7.674,-198.6,-652.3
7.691,-204.1,-650.6
7.708,-208.9,-649.1
7.724,-212.8,-647.7
7.741,-215.8,-646.8
7.758,-217.6,-646.2
7.774,-218.3,-645.8
7.791,-218.2,-645.8
7.808,-217.0,-646.3
7.824,-214.9,-647.2
7.841,-212.0,-648.5
7.858,-207.8,-649.6
7.875,-202.9,-651.4
7.891,-197.0,-653.7
7.908,-190.0,-655.8
7.925,-182.3,-658.0
7.941,-173.5,-660.7
7.958,-164.0,-663.0
7.975,-153.3,-665.7
7.991,-142.2,-668.5
8.008,-130.0,-671.3
8.025,-117.8,-674.0
8.041,-104.5,-676.1
8.058,-90.29,-678.4
8.075,-75.99,-680.1
8.091,-60.97,-682.0
8.108,-45.85,-683.1
8.125,-29.95,-684.3
8.141,-13.89,-684.9
8.158,2.747,-685.4
8.175,19.29,-685.3
8.192,35.51,-685.4
8.208,51.87,-684.5
8.225,68.05,-683.6
8.242,83.21,-681.9
8.258,99.21,-680.0
8.275,114.5,-678.0
8.292,129.5,-675.6
8.308,143.6,-672.9
8.325,157.4,-670.0
8.342,170.7,-667.4
8.358,183.0,-664.5
8.375,194.8,-661.4
8.392,205.7,-658.3
8.408,215.5,-655.5
8.425,224.7,-652.8
8.442,232.5,-650.1
8.458,239.9,-647.7
8.475,245.9,-645.6
8.492,251.4,-643.6
8.508,255.5,-642.0
8.525,259.0,-640.8
8.542,260.8,-640.0
8.559,262.0,-639.5
8.575,262.0,-639.5
8.592,260.9,-639.8
8.609,259.0,-640.6
8.625,255.8,-641.7
8.642,251.8,-643.4
8.659,246.6,-645.2
8.675,240.3,-647.4
8.692,233.0,-649.8
8.709,225.2,-652.3
8.725,215.9,-655.3
8.742,206.3,-658.0
8.759,195.1,-660.9
8.775,183.8,-664.2
8.792,171.8,-667.0
8.809,158.7,-670.0
8.825,144.8,-672.9
8.842,130.9,-675.4
8.859,116.0,-677.7
8.876,101.0,-679.8
8.892,85.63,-681.5
8.909,69.29,-682.8
8.926,53.73,-684.0
8.942,37.82,-684.5
8.959,21.18,-684.9
8.976,4.158,-684.9
8.992,-11.92,-684.5
9.009,-27.90,-683.7
9.026,-43.85,-682.7
9.042,-58.96,-681.6
9.059,-74.43,-680.1
9.076,-88.54,-678.0
9.092,-102.6,-675.8
9.109,-115.7,-673.3
9.126,-128.5,-671.1
9.142,-140.2,-668.2
9.159,-151.2,-665.8
9.176,-161.7,-663.3
9.193,-171.3,-660.8
9.209,-179.7,-658.2
9.226,-187.7,-656.0
9.243,-194.7,-654.0
9.259,-200.5,-651.9
9.276,-205.5,-650.1
9.293,-209.4,-648.7
9.309,-212.8,-647.6
9.326,-215.1,-646.9
9.343,-216.2,-646.5
9.359,-216.3,-646.5
9.376,-215.6,-647.0
9.393,-213.8,-647.3
9.409,-211.1,-648.5
9.426,-207.3,-649.5
9.443,-202.7,-651.2
9.459,-197.3,-653.3
9.476,-191.0,-655.4
9.493,-183.1,-657.9
9.509,-174.8,-660.3
9.526,-165.8,-662.8
9.543,-155.8,-665.3
9.560,-144.9,-668.2
9.576,-133.7,-671.0
9.593,-121.1,-673.3
9.610,-108.3,-675.8
9.626,-94.76,-677.9
9.643,-80.59,-679.9
9.660,-65.90,-681.6
9.676,-50.34,-683.1
9.693,-35.36,-683.9
9.710,-19.59,-684.6
9.726,-2.508,-685.4
9.743,13.87,-685.7
9.760,29.63,-685.7
9.776,45.53,-685.0
9.793,61.46,-684.1
9.810,78.15,-682.5
9.826,93.60,-681.4
9.843,109.0,-679.2
9.860,123.6,-677.0
9.877,137.6,-674.6
9.893,151.6,-671.9
9.910,164.4,-669.3
9.927,177.3,-666.0
9.943,189.3,-663.2
9.960,199.7,-660.1
9.977,210.0,-657.1
9.993,219.2,-654.3
10.010,227.7,-651.7
10.027,234.9,-649.1
10.043,241.7,-646.9
10.060,247.0,-644.8
10.077,251.4,-643.3
10.093,254.7,-642.2
10.110,257.2,-641.1
10.127,258.8,-640.4
10.143,259.2,-640.2
10.160,258.2,-640.6
10.177,256.6,-641.2
10.194,254.0,-641.9
10.210,250.3,-643.5
10.227,245.9,-645.1
10.244,239.9,-646.8
10.260,233.2,-649.2
10.277,225.8,-651.6
10.294,216.9,-654.5
10.310,207.5,-657.4
10.327,196.2,-660.6
10.344,185.5,-663.7
10.360,173.8,-666.4
10.377,161.2,-669.4
10.394,148.1,-672.0
10.410,134.4,-674.7
10.427,120.1,-677.0
10.444,105.7,-679.3
10.460,89.99,-681.1
10.477,74.92,-682.7
10.494,58.89,-683.8
10.511,42.44,-684.5
10.527,26.20,-685.0
10.544,10.04,-684.8
10.561,-6.097,-684.6
10.577,-22.01,-684.2
10.594,-37.98,-683.5
10.611,-53.07,-682.5
10.627,-68.17,-680.9
10.644,-82.42,-678.7
10.661,-96.53,-677.0
10.677,-109.9,-674.9
10.694,-122.7,-672.4
10.711,-135.1,-670.0
10.727,-146.4,-667.4
10.744,-156.9,-664.7
10.761,-166.7,-662.4
10.777,-175.9,-659.9
10.794,-183.8,-657.5
10.811,-191.3,-655.4
10.827,-197.3,-653.7
10.844,-202.8,-651.8
10.861,-207.2,-650.3
10.878,-210.4,-649.2
10.894,-212.9,-648.5
10.911,-214.4,-648.3
10.928,-215.0,-648.0
10.944,-214.4,-648.3
10.961,-213.0,-648.6
10.978,-210.8,-649.3
10.994,-207.4,-650.8
11.011,-203.2,-652.4
11.028,-197.9,-654.2
11.044,-191.9,-656.0
11.061,-184.9,-658.2
11.078,-177.1,-660.6
11.094,-168.2,-663.2
11.111,-158.5,-665.8
11.128,-147.6,-668.4
11.144,-136.3,-670.9
11.161,-124.3,-673.4
11.178,-112.0,-675.7
11.195,-98.83,-677.9
11.211,-85.00,-679.7
11.228,-70.47,-681.5
11.245,-55.31,-683.2
11.261,-39.67,-684.5
11.278,-24.24,-685.3
11.295,-8.363,-686.0
11.311,7.497,-686.0
11.328,23.86,-686.0
11.345,39.98,-685.4
11.361,55.71,-684.7
11.378,71.76,-683.6
11.395,87.44,-682.3
11.411,103.0,-680.4
11.428,117.4,-678.4
11.445,131.6,-676.1
11.461,145.5,-673.7
11.478,158.5,-670.6
11.495,171.0,-667.7
11.511,182.8,-665.1
11.528,193.9,-661.9
11.545,204.3,-659.0
11.562,213.7,-656.2
11.578,222.3,-653.1
11.595,230.1,-650.7
11.612,236.8,-648.5
11.628,242.8,-646.7
11.645,247.6,-644.8
11.662,251.5,-643.5
11.678,254.6,-642.5
11.695,256.2,-641.7
11.712,257.0,-641.4
11.728,256.7,-641.6
11.745,255.3,-642.0
11.762,252.9,-642.6
11.778,249.3,-643.9
11.795,245.0,-645.5
11.812,239.8,-647.3
11.828,233.4,-649.6
11.845,226.2,-651.7
11.862,218.1,-654.4
11.879,209.0,-657.1
11.895,198.9,-660.0
11.912,188.4,-662.7
11.929,176.7,-665.7
11.945,164.8,-668.4
11.962,151.9,-671.5
11.979,138.6,-674.2
11.995,124.3,-676.7
12.012,110.0,-678.6
12.029,94.98,-680.8
12.045,80.00,-682.3
12.062,64.08,-683.5
12.079,48.62,-684.4
12.095,31.99,-685.1
12.112,16.10,-685.4
12.129,-2.406E-2,-685.3
12.145,-16.01,-684.9
12.162,-31.86,-684.0
12.179,-47.40,-683.1
12.196,-62.58,-681.9
12.212,-77.09,-679.7
12.229,-90.93,-678.2
12.246,-104.2,-676.2
12.262,-117.2,-674.1
12.279,-129.2,-671.8
12.296,-140.9,-669.1
12.312,-152.0,-666.4
12.329,-162.2,-664.0
12.346,-171.2,-661.6
12.362,-179.1,-659.3
12.379,-186.6,-657.3
12.396,-193.0,-655.4
12.412,-198.8,-653.6
12.429,-203.5,-652.1
12.446,-207.1,-650.6
12.462,-209.9,-649.8
12.479,-211.7,-649.2
12.496,-212.8,-649.0
12.512,-212.7,-648.9
12.529,-211.3,-649.3
12.546,-209.6,-650.2
12.563,-206.4,-651.1
12.579,-202.4,-652.4
12.596,-197.5,-654.1
12.613,-191.5,-655.7
12.629,-184.8,-657.7
12.646,-177.3,-659.8
12.663,-168.9,-662.2
12.679,-160.1,-664.3
12.696,-149.4,-667.4
12.713,-138.8,-669.9
12.729,-126.6,-672.7
12.746,-114.2,-674.9
12.763,-101.6,-677.1
12.779,-87.72,-679.0
12.796,-74.21,-680.9
12.813,-59.24,-682.5
12.829,-44.25,-683.7
12.846,-28.93,-684.7
12.863,-13.21,-685.1
12.880,2.852,-685.5
12.896,18.88,-685.4
12.913,34.91,-685.2
12.930,50.81,-684.6
12.946,66.61,-683.6
12.963,81.98,-682.4
12.980,96.97,-680.7
12.996,111.8,-678.7
13.013,126.4,-676.7
13.030,139.8,-674.1
13.046,153.6,-671.4
13.063,166.1,-668.6
13.080,178.0,-665.9
13.096,189.2,-663.1
13.113,199.3,-660.3
13.130,209.0,-657.5
13.146,217.8,-654.9
13.163,225.5,-652.4
13.180,233.0,-649.9
13.197,238.7,-647.9
13.213,243.9,-646.1
13.230,248.1,-644.5
13.247,250.9,-643.4
13.263,252.9,-642.7
13.280,254.0,-642.2
13.297,254.0,-642.1
13.313,253.1,-642.5
13.330,251.1,-643.0
13.347,248.2,-644.1
13.363,244.1,-645.4
13.380,239.4,-647.3
13.397,233.7,-649.2
13.413,226.6,-651.7
13.430,218.8,-653.9
13.447,210.0,-656.7
13.463,200.8,-659.5
13.480,190.6,-662.4
13.497,179.5,-665.2
13.514,167.4,-668.1
13.530,155.2,-670.6
13.547,142.1,-673.4
13.564,128.3,-676.0
13.580,114.4,-678.3
13.597,99.10,-679.9
13.614,84.02,-681.6
13.630,69.26,-683.2
13.647,52.91,-684.5
13.664,37.65,-685.2
13.680,21.22,-685.5
13.697,5.752,-685.6
13.714,-9.671,-685.3
13.730,-25.59,-684.7
13.747,-40.82,-683.5
13.764,-55.96,-682.7
13.780,-70.97,-681.0
13.797,-84.97,-679.3
13.814,-98.72,-677.4
13.830,-112.1,-675.1
13.847,-124.0,-672.6
13.864,-135.7,-670.2
13.881,-146.5,-667.7
13.897,-156.3,-665.5
13.914,-165.8,-662.7
13.931,-174.5,-660.5
13.947,-182.0,-658.1
13.964,-188.8,-656.0
13.981,-194.7,-654.3
13.997,-199.8,-652.8
14.014,-204.0,-651.6
14.031,-207.0,-650.7
14.047,-209.1,-650.0
14.064,-210.3,-649.6
14.081,-210.5,-649.6
14.097,-209.7,-650.0
14.114,-207.8,-650.4
14.131,-205.2,-651.5
14.147,-201.5,-652.6
14.164,-197.0,-654.3
14.181,-191.6,-656.3
14.198,-185.2,-658.0
14.214,-177.8,-659.9
14.231,-169.9,-662.1
14.248,-160.9,-664.3
14.264,-150.9,-667.0
14.281,-140.0,-669.6
14.298,-128.8,-672.3
14.314,-117.2,-674.7
14.331,-104.3,-676.9
14.348,-90.98,-678.6
14.364,-77.47,-680.6
14.381,-63.28,-682.1
14.398,-47.97,-683.3
14.414,-33.26,-684.6
14.431,-17.64,-685.6
14.448,-1.934,-686.0
14.464,13.51,-685.9
14.481,29.77,-685.7
14.498,45.04,-684.8
14.514,60.89,-683.8
14.531,76.18,-682.8
14.548,91.00,-681.2
14.565,105.8,-679.4
14.581,119.8,-677.1
14.598,133.7,-674.9
14.615,147.5,-672.5
14.631,160.1,-669.5
14.648,171.9,-666.9
14.665,183.7,-664.3
14.681,194.1,-661.5
14.698,204.1,-658.8
14.715,212.8,-656.3
14.731,220.8,-653.8
14.748,228.2,-651.4
14.765,234.5,-649.5
14.781,239.8,-647.6
14.798,244.0,-646.1
14.815,247.5,-644.9
14.831,249.7,-644.0
14.848,251.0,-643.2
14.865,251.5,-643.2
14.882,251.1,-643.4
14.898,249.1,-644.0
14.915,246.6,-644.9
14.932,243.1,-646.0
14.948,238.5,-647.8
14.965,232.9,-649.3
14.982,226.5,-651.7
14.998,219.2,-653.8
15.015,210.4,-656.4
15.032,201.9,-659.2
15.048,191.7,-662.1
15.065,180.8,-664.8
15.082,169.0,-667.6
15.098,157.0,-670.3
15.115,144.6,-673.2
15.132,130.7,-675.8
15.148,117.0,-677.8
15.165,102.9,-679.7
15.182,87.89,-681.7
15.199,72.61,-683.1
15.215,57.14,-684.0
15.232,41.81,-684.7
15.249,26.47,-685.3
15.265,10.61,-685.3
15.282,-5.444,-685.4
15.299,-20.39,-685.1
15.315,-35.73,-684.0
15.332,-50.94,-682.9
15.349,-65.24,-681.0
15.365,-79.15,-679.4
15.382,-93.87,-677.4
15.399,-106.2,-675.5
15.415,-118.7,-673.4
15.432,-130.3,-671.4
15.449,-140.9,-669.3
15.465,-151.4,-666.8
15.482,-161.3,-664.2
15.499,-169.8,-662.1
15.515,-177.8,-659.7
15.532,-184.8,-657.5
15.549,-191.0,-655.7
15.566,-196.2,-654.2
15.582,-200.8,-652.7
15.599,-204.1,-651.8
15.616,-206.7,-650.9
15.632,-208.0,-650.4
15.649,-208.5,-650.6
15.666,-208.0,-650.7
15.682,-206.4,-651.4
15.699,-204.2,-652.0
15.716,-201.0,-653.1
15.732,-196.8,-654.3
15.749,-191.9,-656.1
15.766,-185.7,-658.0
15.782,-178.8,-659.8
15.799,-171.0,-661.7
15.816,-162.7,-663.9
15.832,-152.8,-666.7
15.849,-142.5,-669.0
15.866,-131.7,-671.5
15.883,-119.9,-673.8
15.899,-108.0,-676.1
15.916,-95.14,-678.0
15.933,-81.16,-679.8
15.949,-67.11,-681.2
15.966,-52.78,-682.9
15.983,-37.29,-684.3
15.999,-22.14,-685.0
16.016,-6.419,-685.2
16.033,8.990,-685.7
16.049,24.29,-685.5
16.066,39.85,-685.1
16.083,55.90,-684.2
16.099,70.73,-683.5
16.116,85.67,-682.0
16.133,100.4,-679.9
16.149,114.7,-678.0
16.166,128.7,-675.8
16.183,142.1,-673.2
16.200,154.6,-670.9
16.216,166.5,-668.0
16.233,178.4,-665.5
16.250,189.6,-662.8
16.266,199.3,-659.9
16.283,208.3,-657.4
16.300,216.8,-654.9
16.316,224.4,-652.4
16.333,231.1,-650.1
16.350,236.6,-648.4
16.366,241.1,-646.7
16.383,244.7,-645.5
16.400,247.5,-644.6
16.416,249.2,-643.9
16.433,249.7,-643.7
16.450,249.5,-643.9
16.466,248.4,-644.5
16.483,246.2,-645.2
16.500,242.7,-646.5
16.517,238.4,-647.8
16.533,233.3,-649.6
16.550,227.4,-651.6
16.567,220.1,-653.6
16.583,211.8,-656.1
16.600,202.9,-658.9
16.617,193.3,-661.6
16.633,183.3,-664.3
16.650,172.2,-667.2
16.667,160.1,-669.8
16.683,147.7,-672.3
16.700,134.1,-675.0
16.717,120.7,-677.2
16.733,106.6,-679.1
16.750,92.19,-681.0
16.767,76.98,-682.5
16.783,62.30,-683.4
16.800,46.54,-684.3
16.817,30.71,-684.9
16.833,15.57,-685.4
16.850,0.160,-685.2
16.867,-15.56,-685.0
16.884,-31.03,-684.1
16.900,-45.89,-682.9
16.917,-61.13,-681.7
16.934,-74.90,-680.5
16.950,-88.24,-678.5
16.967,-101.3,-676.7
16.984,-113.7,-674.5
17.000,-125.5,-672.3
17.017,-136.7,-670.1
17.034,-146.7,-667.7
17.050,-156.9,-665.1
17.067,-165.8,-662.9
17.084,-173.9,-660.8
17.100,-181.1,-658.6
17.117,-187.6,-656.6
17.134,-192.9,-654.9
17.150,-197.2,-653.8
17.167,-200.8,-652.5
17.184,-203.6,-651.7
17.201,-205.2,-651.2
17.217,-205.7,-651.1
17.234,-205.9,-651.0
17.251,-204.7,-651.4
17.267,-202.8,-652.0
17.284,-199.9,-653.1
17.301,-196.0,-654.1
17.317,-191.4,-655.6
17.334,-185.5,-657.5
17.351,-178.7,-659.2
17.367,-171.4,-661.5
17.384,-163.0,-663.7
17.401,-154.3,-666.1
17.417,-143.9,-668.3
17.434,-133.5,-670.8
17.451,-122.0,-673.3
17.467,-110.1,-675.5
17.484,-97.46,-677.6
17.501,-83.57,-679.6
17.517,-69.51,-681.5
17.534,-55.39,-683.0
17.551,-40.90,-683.8
17.568,-25.97,-684.7
17.584,-11.00,-685.3
17.601,4.916,-685.4
17.618,20.09,-685.5
17.634,35.66,-685.4
17.651,50.19,-684.7
17.668,65.69,-683.9
17.684,81.21,-682.4
17.701,95.66,-680.7
17.718,109.6,-678.9
17.734,123.6,-676.7
17.751,137.0,-674.4
17.768,149.5,-672.0
17.784,161.9,-669.1
17.801,173.4,-666.8
17.818,184.5,-663.9
17.834,194.6,-661.3
17.851,203.7,-658.9
17.868,212.5,-656.0
17.885,219.9,-653.7
17.901,226.6,-651.5
17.918,232.8,-649.7
17.935,237.7,-647.9
17.951,241.5,-646.9
17.968,244.4,-645.7
17.985,246.2,-644.7
18.001,247.2,-644.4
18.018,247.1,-644.5
18.035,245.9,-644.8
18.051,244.0,-645.6
18.068,240.9,-646.9
18.085,237.1,-648.1
18.101,232.2,-649.5
18.118,226.2,-651.5
18.135,219.2,-653.8
18.151,211.6,-656.1
18.168,203.3,-658.4
18.185,193.6,-661.1
18.202,183.5,-663.8
18.218,173.0,-666.5
18.235,160.9,-669.1
18.252,148.5,-671.7
18.268,136.1,-674.1
18.285,122.9,-676.3
18.302,109.0,-678.5
18.318,94.79,-680.3
18.335,80.24,-681.8
18.352,65.36,-683.6
18.368,50.37,-684.4
18.385,34.65,-685.1
18.402,19.24,-685.0
18.418,3.759,-685.1
18.435,-11.84,-684.8
18.452,-27.10,-683.9
18.468,-41.36,-683.2
18.485,-56.20,-682.1
18.502,-70.47,-680.7
18.518,-83.97,-679.2
18.535,-96.99,-677.0
18.552,-109.4,-675.0
18.569,-121.2,-672.7
18.585,-132.4,-670.5
18.602,-142.8,-668.2
18.619,-152.9,-666.1
18.635,-161.9,-664.0
18.652,-170.1,-661.6
18.669,-177.5,-659.9
18.685,-183.7,-657.7
18.702,-189.3,-656.2
18.719,-194.2,-654.7
18.735,-198.1,-653.4
18.752,-201.1,-652.6
18.769,-202.9,-651.8
18.785,-203.8,-651.5
18.802,-203.9,-651.3
18.819,-203.3,-652.0
18.835,-201.4,-652.5
18.852,-198.6,-653.6
18.869,-195.0,-654.5
18.886,-190.8,-656.0
18.902,-185.3,-657.7
18.919,-179.0,-659.6
18.936,-171.9,-661.7
18.952,-164.1,-663.8
18.969,-154.8,-666.2
18.986,-145.2,-668.5
19.002,-134.9,-671.0
19.019,-123.6,-673.6
19.036,-111.5,-675.5
19.052,-99.49,-677.6
19.069,-86.91,-679.5
19.086,-73.73,-681.1
19.102,-59.40,-682.6
19.119,-45.13,-683.8
19.136,-30.05,-684.4
19.152,-15.01,-685.3
19.169,0.134,-686.0
19.186,15.09,-685.7
19.203,30.61,-685.6
19.219,45.62,-684.9
19.236,60.98,-683.9
19.253,75.87,-682.6
19.269,90.86,-681.3
19.286,105.0,-679.6
19.303,118.5,-677.7
19.319,132.3,-675.2
19.336,144.9,-673.0
19.353,157.1,-670.4
19.369,168.7,-667.8
19.386,179.1,-665.0
19.403,189.8,-662.4
19.419,199.0,-660.1
19.436,207.8,-657.4
19.453,215.5,-655.2
19.469,222.3,-653.0
19.486,228.3,-651.1
19.503,233.9,-649.2
19.520,238.0,-647.8
19.536,241.0,-646.6
19.553,243.2,-645.6
19.570,244.3,-645.5
19.586,244.8,-645.5
19.603,244.0,-645.5
19.620,242.5,-646.4
19.636,239.9,-647.3
19.653,235.9,-648.7
19.670,231.3,-649.8
19.686,225.8,-651.7
19.703,219.1,-653.7
19.720,211.7,-656.0
19.736,203.6,-658.5
19.753,193.7,-661.0
19.770,184.2,-663.5
19.786,173.8,-666.1
19.803,162.7,-668.9
19.820,151.0,-671.4
19.836,138.3,-673.9
19.853,125.2,-676.0
19.870,111.4,-678.1
19.887,97.51,-679.8
19.903,83.41,-681.8
19.920,68.64,-683.1
19.937,53.36,-683.9
19.953,39.29,-684.5
19.970,22.83,-685.0
19.987,8.094,-684.9
20.003,-7.538,-684.9
20.020,-22.38,-684.6
20.037,-37.15,-683.9
20.053,-51.47,-682.6
20.070,-65.34,-681.4
20.087,-79.60,-679.8
20.103,-92.33,-678.0
20.120,-105.1,-676.0
20.137,-117.2,-673.8
20.153,-128.4,-671.7
20.170,-139.0,-669.6
20.187,-149.0,-667.5
20.204,-158.1,-665.3
20.220,-166.4,-663.3
20.237,-173.9,-661.2
20.254,-180.6,-659.3
20.270,-186.3,-657.8
20.287,-191.4,-656.3
20.304,-195.4,-655.1
20.320,-198.1,-654.3
20.337,-200.4,-653.7
20.354,-201.5,-653.1
20.370,-201.7,-652.7
20.387,-201.3,-653.1
20.404,-199.8,-653.4
20.420,-197.4,-654.5
20.437,-193.9,-655.5
20.454,-189.8,-657.0
20.470,-184.7,-658.4
20.487,-178.6,-660.3
20.504,-171.7,-662.4
20.520,-163.8,-664.4
20.537,-155.1,-666.6
20.554,-145.9,-668.8
20.571,-135.6,-671.1
20.587,-124.7,-673.2
20.604,-113.5,-675.6
20.621,-101.1,-677.7
20.637,-88.44,-679.4
20.654,-75.13,-681.2
20.671,-61.28,-682.8
20.687,-47.29,-683.7
20.704,-32.81,-684.7
20.721,-17.89,-685.5
20.737,-2.885,-685.8
20.754,11.77,-686.0
20.771,27.30,-685.7
20.787,42.95,-685.2
20.804,57.46,-684.5
20.821,72.32,-683.5
20.837,86.70,-681.9
20.854,100.9,-680.0
20.871,114.9,-678.2
20.888,128.5,-676.2
20.904,141.2,-673.7
20.921,153.3,-670.9
20.938,164.8,-668.4
20.954,175.6,-666.1
20.971,186.2,-663.7
20.988,195.5,-661.2
21.004,204.4,-658.8
21.021,212.7,-656.3
21.038,219.5,-654.4
21.054,225.6,-652.5
21.071,230.8,-650.7
21.088,235.5,-649.4
21.104,238.9,-648.4
21.121,241.5,-647.6
21.138,242.8,-646.8
21.154,243.3,-646.7
21.171,242.7,-646.8
21.188,241.3,-647.2
21.205,238.8,-648.4
21.221,235.6,-649.4
21.238,231.1,-650.8
21.255,225.9,-652.5
21.271,219.9,-654.5
21.288,212.4,-656.9
21.305,204.6,-659.1
21.321,196.3,-661.4
21.338,186.7,-663.9
21.355,176.4,-666.6
21.371,165.2,-669.0
21.388,153.9,-671.6
21.405,141.1,-673.7
21.421,128.8,-676.3
21.438,115.4,-678.4
21.455,101.9,-680.4
21.471,87.35,-682.2
21.488,73.46,-683.3
21.505,58.22,-684.5
21.521,42.08,-685.1
21.538,27.42,-685.5
21.555,13.21,-685.6
21.572,-1.722,-685.3
21.588,-17.36,-685.1
21.605,-31.86,-684.3
21.622,-46.57,-683.7
21.638,-60.29,-682.5
21.655,-74.32,-681.0
21.672,-87.08,-679.2
21.688,-99.85,-677.1
21.705,-112.1,-675.1
21.722,-123.2,-672.9
21.738,-133.8,-670.6
21.755,-144.2,-668.4
21.772,-153.2,-666.2
21.788,-161.8,-664.2
21.805,-169.9,-662.1
21.822,-176.5,-660.1
21.838,-182.2,-658.4
21.855,-187.4,-657.0
21.872,-191.5,-655.7
21.889,-194.9,-654.6
21.905,-197.3,-653.9
21.922,-198.6,-653.4
21.939,-199.1,-653.4
21.955,-198.8,-653.5
21.972,-197.5,-654.0
21.989,-195.4,-654.7
22.005,-192.2,-655.7
22.022,-188.1,-656.9
22.039,-183.2,-658.4
22.055,-177.8,-659.9
22.072,-171.1,-661.7
22.089,-163.5,-663.6
22.105,-155.2,-665.8
22.122,-146.3,-667.8
22.139,-135.9,-670.3
22.155,-125.8,-672.6
22.172,-114.6,-674.9
22.189,-102.8,-676.7
22.206,-90.32,-678.8
22.222,-77.36,-680.5
22.239,-64.11,-682.0
22.256,-50.11,-683.1
22.272,-36.29,-684.0
22.289,-21.45,-684.9
22.306,-6.285,-685.1
22.322,8.874,-685.3
22.339,24.08,-685.4
22.356,38.83,-685.3
22.372,53.20,-684.6
22.389,69.01,-683.2
22.406,82.93,-681.9
22.422,96.53,-680.5
22.439,110.3,-678.4
22.456,123.7,-676.6
22.472,136.6,-674.4
22.489,148.9,-672.0
22.506,160.7,-669.4
22.523,171.8,-667.1
22.539,182.1,-664.2
22.556,191.5,-662.1
22.573,200.3,-659.5
22.589,209.0,-657.3
22.606,216.0,-655.4
22.623,222.1,-653.2
22.639,227.4,-651.6
22.656,232.1,-650.0
22.673,235.6,-648.8
22.689,238.2,-647.6
22.706,239.7,-647.1
22.723,240.6,-646.8
22.739,240.4,-646.9
22.756,239.3,-647.3
22.773,237.0,-648.0
22.789,233.7,-649.0
22.806,229.8,-650.4
22.823,224.6,-652.0
22.839,218.9,-653.9
22.856,212.1,-655.8
22.873,204.1,-658.0
22.890,195.7,-660.5
22.906,186.7,-662.8
22.923,176.2,-665.6
22.940,165.6,-668.2
22.956,154.1,-670.7
22.973,141.9,-673.0
22.990,129.5,-675.6
23.006,116.8,-677.5
23.023,103.4,-679.6
23.040,89.94,-681.2
23.056,75.10,-682.5
23.073,60.68,-683.7
23.090,45.54,-684.9
23.106,31.27,-685.3
23.123,15.97,-685.6
23.140,1.200,-685.6
23.156,-13.85,-685.2
23.173,-28.72,-684.6
23.190,-43.90,-683.7
23.207,-57.46,-682.5
23.223,-70.52,-681.3
23.240,-83.80,-679.8
23.257,-96.04,-678.0
23.273,-108.2,-675.7
23.290,-119.5,-673.8
23.307,-130.3,-671.7
23.323,-140.5,-669.7
23.340,-149.5,-667.5
23.357,-158.2,-665.4
23.373,-165.7,-663.3
23.390,-173.2,-661.5
23.407,-179.2,-659.8
23.423,-184.2,-658.2
23.440,-188.8,-657.0
23.457,-192.4,-655.9
23.473,-195.1,-655.0
23.490,-196.4,-654.4
23.507,-197.2,-654.5
23.523,-197.0,-654.5
23.540,-196.0,-654.6
23.557,-193.9,-655.5
23.574,-191.2,-656.3
23.590,-187.4,-657.4
23.607,-182.8,-658.8
23.624,-177.1,-660.4
23.640,-171.0,-662.2
23.657,-163.8,-664.2
23.674,-155.9,-666.3
23.690,-147.2,-668.4
23.707,-137.7,-670.9
23.724,-127.3,-673.0
23.740,-116.3,-674.9
23.757,-104.9,-676.8
23.774,-93.03,-678.7
23.790,-80.22,-680.5
23.807,-66.91,-681.9
23.824,-53.07,-683.1
23.840,-38.64,-684.3
23.857,-24.75,-685.1
23.874,-9.649,-685.6
23.891,5.313,-685.6
23.907,19.66,-685.9
23.924,35.43,-685.4
23.941,49.84,-684.7
23.957,64.62,-683.7
23.974,78.93,-682.4
23.991,92.82,-681.3
24.007,106.2,-679.4
24.024,119.5,-677.5
24.041,132.2,-675.4
24.057,144.6,-673.2
24.074,156.2,-670.8
24.091,167.1,-668.4
24.107,177.6,-666.0
24.124,187.6,-663.3
24.141,196.8,-661.2
24.157,204.4,-658.9
24.174,212.0,-656.7
24.191,219.2,-654.6
24.208,224.3,-652.7
24.224,228.8,-651.5
24.241,232.8,-650.2
24.258,235.7,-649.3
24.274,237.4,-648.7
24.291,238.7,-648.4
24.308,238.6,-648.5
24.324,237.6,-648.9
24.341,236.0,-649.4
24.358,233.3,-650.3
24.374,228.8,-651.5
24.391,223.9,-653.0
24.408,218.5,-654.8
