,mass A,,
t,x,y,
0.000,-209.1,-283.6
0.017,-192.5,-294.7
0.033,-172.2,-305.6
0.050,-149.4,-315.8
0.067,-122.9,-325.3
0.083,-94.86,-333.4
0.100,-66.31,-339.3
0.117,-36.05,-342.9
0.133,-4.976,-343.7
0.150,25.31,-341.9
0.167,56.08,-337.8
0.184,85.39,-331.4
0.200,114.9,-322.7
0.217,140.7,-312.6
0.234,164.7,-300.9
0.250,187.0,-288.8
0.267,205.9,-276.6
0.284,222.5,-264.9
0.300,235.7,-253.9
0.317,245.9,-244.6
0.334,254.5,-237.0
0.350,260.1,-231.4
0.367,263.2,-228.2
0.384,264.1,-227.4
0.400,262.7,-228.9
0.417,259.2,-232.6
0.434,253.0,-238.7
0.450,243.5,-246.8
0.467,232.2,-256.8
0.484,217.5,-268.2
0.500,201.2,-280.0
0.517,181.7,-292.2
0.534,158.4,-304.3
0.551,132.3,-315.4
0.567,104.3,-325.4
0.584,74.95,-333.5
0.601,45.35,-339.1
0.617,14.02,-342.6
0.634,-16.34,-343.4
0.651,-47.19,-341.8
0.667,-76.09,-337.4
0.684,-105.7,-330.6
0.701,-130.9,-322.3
0.717,-156.4,-312.8
0.734,-178.4,-302.0
0.751,-196.1,-291.4
0.767,-213.0,-280.6
0.784,-226.7,-270.9
0.801,-237.1,-262.4
0.817,-245.3,-255.5
0.834,-250.9,-250.3
0.851,-254.2,-247.4
0.868,-255.2,-246.5
0.884,-254.0,-247.7
0.901,-250.2,-251.2
0.918,-244.4,-256.8
0.934,-236.1,-263.8
0.951,-224.8,-272.2
0.968,-211.0,-282.2
0.984,-195.3,-292.8
1.001,-175.1,-303.3
1.018,-154.3,-313.7
1.034,-128.6,-323.4
1.051,-103.3,-331.5
1.068,-76.00,-337.7
1.084,-47.19,-341.8
1.101,-17.01,-343.6
1.118,15.91,-343.3
1.134,46.18,-340.4
1.151,75.17,-334.8
1.168,103.2,-327.2
1.185,131.1,-317.8
1.201,154.8,-306.7
1.218,176.3,-295.2
1.235,196.1,-283.4
1.251,212.9,-271.5
1.268,227.2,-260.7
1.285,238.3,-250.9
1.301,247.8,-242.8
1.318,254.3,-236.8
1.335,258.3,-232.8
1.351,259.8,-231.0
1.368,259.0,-231.4
1.385,256.2,-234.5
1.401,250.2,-239.8
1.418,242.8,-246.9
1.435,232.0,-255.8
1.451,218.8,-266.2
1.468,203.1,-277.8
1.485,184.6,-289.5
1.502,163.2,-301.6
1.518,138.0,-312.6
1.535,111.4,-322.9
1.552,82.35,-330.9
1.568,53.52,-337.5
1.585,23.50,-341.4
1.602,-2.829,-343.5
1.618,-35.68,-342.4
1.635,-66.83,-338.7
1.652,-92.94,-333.3
1.668,-120.4,-325.6
1.685,-144.6,-316.4
1.702,-167.0,-306.5
1.718,-187.3,-295.9
1.735,-204.1,-285.5
1.752,-218.4,-275.9
1.768,-230.0,-266.8
1.785,-238.8,-259.6
1.802,-244.9,-254.2
1.818,-249.2,-250.7
1.835,-251.2,-249.0
1.852,-250.4,-249.5
1.869,-247.2,-252.3
1.885,-242.5,-257.0
1.902,-234.6,-263.6
1.919,-224.1,-271.4
1.935,-211.6,-280.7
1.952,-196.2,-290.7
1.969,-177.2,-301.3
1.985,-156.0,-311.5
2.002,-132.5,-321.3
2.019,-107.7,-329.4
2.035,-81.07,-336.3
2.052,-53.24,-340.9
2.069,-22.45,-343.6
2.085,8.400,-343.6
2.102,37.19,-341.3
2.119,66.04,-336.7
2.135,94.27,-329.7
2.152,123.2,-320.6
2.169,147.3,-310.5
2.186,169.5,-299.3
2.202,189.8,-287.7
2.219,207.8,-276.4
2.236,222.2,-265.3
2.252,234.6,-255.6
2.269,244.1,-247.4
2.286,251.6,-240.6
2.302,256.8,-236.0
2.319,258.9,-233.6
2.336,258.9,-233.6
2.352,257.0,-236.1
2.369,252.0,-240.3
2.386,244.2,-247.3
2.402,234.9,-255.6
2.419,222.2,-265.2
2.436,207.3,-276.5
2.452,190.4,-287.7
2.469,168.8,-299.4
2.486,146.3,-310.6
2.502,122.1,-320.8
2.519,93.18,-329.3
2.536,63.07,-336.4
2.553,33.01,-340.9
2.569,1.753,-343.0
2.586,-27.37,-342.6
2.603,-57.85,-339.8
2.619,-86.36,-334.7
2.636,-113.1,-327.6
2.653,-139.1,-319.0
2.669,-160.2,-309.5
2.686,-180.4,-299.9
2.703,-197.9,-289.5
2.719,-213.2,-279.8
2.736,-224.1,-271.4
2.753,-234.4,-263.7
2.769,-241.5,-258.0
2.786,-245.8,-253.6
2.803,-248.2,-251.9
2.819,-248.2,-251.8
2.836,-245.8,-253.7
2.853,-241.4,-258.0
2.870,-234.5,-263.9
2.886,-224.4,-271.5
2.903,-211.9,-280.2
2.920,-198.0,-289.8
2.936,-181.1,-299.9
2.953,-161.3,-309.6
2.970,-138.1,-319.3
2.986,-114.7,-327.7
3.003,-88.82,-334.6
3.020,-61.25,-339.7
3.036,-30.95,-342.7
3.053,0.520,-343.4
3.070,30.13,-341.6
3.086,59.21,-337.7
3.103,86.84,-331.4
3.120,113.4,-323.1
3.136,138.9,-313.5
3.153,161.3,-302.7
3.170,182.6,-291.4
3.187,199.8,-280.2
3.203,215.2,-269.5
3.220,228.3,-259.8
3.237,237.7,-251.2
3.253,245.6,-244.4
3.270,251.3,-239.7
3.287,253.5,-237.1
3.303,254.2,-236.7
3.320,252.1,-238.6
3.337,248.2,-242.2
3.353,241.4,-248.4
3.370,231.8,-256.2
3.387,220.6,-265.5
3.403,205.0,-276.2
3.420,188.1,-287.2
3.437,169.0,-298.8
3.453,147.3,-309.9
3.470,121.4,-319.8
3.487,94.45,-328.5
3.503,66.82,-335.6
3.520,38.13,-340.3
3.537,6.347,-342.9
3.554,-21.84,-343.4
3.570,-49.67,-341.2
3.587,-80.49,-336.7
3.604,-105.9,-330.4
3.620,-131.1,-322.4
3.637,-153.2,-313.3
3.654,-174.2,-303.7
3.670,-192.1,-293.7
3.687,-206.5,-284.4
3.704,-219.5,-275.8
3.720,-228.7,-268.2
3.737,-236.4,-262.5
3.754,-241.9,-257.9
3.770,-244.6,-255.5
3.787,-244.9,-255.3
3.804,-243.0,-257.1
3.820,-239.3,-261.0
3.837,-232.2,-266.3
3.854,-223.0,-273.5
3.871,-211.7,-281.5
3.887,-197.3,-291.3
3.904,-181.0,-300.9
3.921,-162.3,-310.6
3.937,-140.0,-319.5
3.954,-117.1,-327.8
3.971,-91.68,-334.6
3.987,-64.62,-339.7
4.004,-34.91,-343.2
4.021,-6.741,-343.8
4.037,23.21,-342.4
4.054,52.08,-338.6
4.071,79.51,-332.9
4.087,109.2,-325.1
4.104,133.2,-315.8
4.121,155.6,-305.3
4.137,176.8,-294.6
4.154,195.5,-283.7
4.171,211.6,-272.9
4.188,224.0,-263.1
4.204,234.9,-254.7
4.221,243.6,-247.8
4.238,249.4,-242.7
4.254,252.4,-239.6
4.271,253.6,-238.7
4.288,251.9,-240.2
4.304,248.4,-243.8
4.321,241.8,-249.5
4.338,233.2,-256.8
4.354,222.0,-265.8
4.371,208.3,-275.7
4.388,191.2,-286.6
4.404,171.5,-297.6
4.421,149.7,-308.6
4.438,125.3,-318.6
4.454,99.51,-327.6
4.471,70.20,-334.6
4.488,41.56,-339.6
4.505,12.99,-342.4
4.521,-15.44,-343.2
4.538,-45.21,-341.5
4.555,-73.84,-337.4
4.571,-99.68,-331.6
4.588,-126.0,-323.8
4.605,-147.2,-315.4
4.621,-168.8,-305.8
4.638,-186.6,-296.5
4.655,-201.5,-287.5
4.671,-214.8,-278.7
4.688,-224.6,-271.4
4.705,-232.0,-265.5
4.721,-237.0,-261.1
4.738,-240.4,-258.8
4.755,-240.4,-258.4
4.771,-239.0,-259.7
4.788,-234.8,-263.2
4.805,-228.8,-268.4
4.821,-219.9,-275.1
4.838,-209.4,-283.0
4.855,-195.8,-291.5
4.872,-178.4,-301.5
4.888,-160.3,-310.9
4.905,-139.1,-319.7
4.922,-116.2,-327.7
4.938,-91.08,-334.6
4.955,-64.15,-339.6
4.972,-37.09,-342.8
4.988,-2.198,-343.8
5.005,25.15,-342.7
5.022,56.37,-339.1
5.038,81.58,-333.6
5.055,106.2,-326.5
5.072,131.1,-317.5
5.088,153.3,-307.6
5.105,174.4,-296.8
5.122,191.4,-286.2
5.138,207.4,-275.6
5.155,220.9,-266.0
5.172,231.2,-257.5
5.189,239.6,-250.8
5.205,245.2,-245.5
5.222,248.6,-242.2
5.239,249.9,-241.5
5.255,248.4,-242.7
5.272,244.9,-246.3
5.289,238.9,-251.5
5.305,230.4,-258.4
5.322,219.1,-267.4
5.339,206.5,-276.9
5.355,189.6,-287.5
5.372,170.0,-298.4
5.389,148.6,-309.2
5.405,126.6,-318.9
5.422,99.13,-327.5
5.439,72.48,-334.8
5.455,45.25,-339.8
5.472,15.90,-342.7
5.489,-12.75,-343.4
5.505,-43.16,-341.8
5.522,-71.03,-337.8
5.539,-96.73,-332.5
5.556,-121.1,-325.4
5.572,-142.7,-317.3
5.589,-164.7,-308.2
5.606,-183.6,-298.7
5.622,-199.0,-289.8
5.639,-211.0,-281.6
5.656,-221.2,-274.4
5.672,-229.0,-268.5
5.689,-234.0,-264.2
5.706,-237.5,-262.0
5.722,-237.5,-261.5
5.739,-236.2,-262.7
5.756,-232.6,-265.7
5.772,-226.7,-270.4
5.789,-218.8,-276.8
5.806,-207.3,-284.6
5.822,-194.0,-293.2
5.839,-177.6,-302.2
5.856,-159.2,-311.5
5.873,-138.1,-320.4
5.889,-115.0,-328.4
5.906,-90.00,-335.2
5.923,-66.12,-339.8
5.939,-38.45,-342.9
5.956,-10.76,-343.8
5.973,18.20,-342.9
5.989,46.92,-339.4
6.006,73.51,-333.9
6.023,100.3,-326.8
6.039,125.6,-318.1
6.056,148.3,-308.5
6.073,168.5,-298.2
6.089,186.9,-287.8
6.106,202.4,-277.5
6.123,216.4,-267.9
6.139,226.4,-259.8
6.156,234.5,-252.8
6.173,240.2,-247.9
6.190,243.5,-244.9
6.206,244.8,-243.8
6.223,243.3,-245.0
6.240,239.9,-248.0
6.256,233.5,-253.2
6.273,224.9,-260.2
6.290,213.9,-268.7
6.306,200.5,-278.3
6.323,184.6,-288.6
6.340,165.2,-299.1
6.356,144.6,-309.4
6.373,122.1,-319.3
6.390,94.50,-327.5
6.406,68.35,-334.4
6.423,40.16,-339.4
6.440,11.60,-342.5
6.456,-14.96,-343.4
6.473,-45.27,-341.7
6.490,-73.74,-337.8
6.506,-98.71,-332.5
6.523,-122.8,-325.6
6.540,-145.4,-317.7
6.557,-163.2,-309.4
6.573,-181.0,-300.6
6.590,-196.7,-291.7
6.607,-209.4,-283.8
6.623,-219.3,-276.5
6.640,-227.3,-270.8
6.657,-232.4,-266.7
6.673,-235.1,-264.4
6.690,-235.9,-263.8
6.707,-234.1,-265.2
6.723,-230.3,-268.3
6.740,-223.9,-273.1
6.757,-215.8,-279.1
6.773,-205.5,-286.9
6.790,-192.3,-294.8
6.807,-174.3,-304.5
6.823,-156.0,-313.5
6.840,-137.2,-320.8
6.857,-114.1,-328.4
6.874,-91.13,-334.9
6.890,-64.68,-339.8
6.907,-37.67,-342.8
6.924,-9.240,-343.8
6.940,20.63,-342.7
6.957,47.69,-339.4
6.974,74.72,-334.2
6.990,101.5,-327.1
7.007,126.0,-318.7
7.024,148.3,-309.2
7.040,168.4,-299.0
7.057,186.3,-288.7
7.074,201.7,-278.6
7.090,214.8,-269.3
7.107,225.2,-261.4
7.124,234.3,-255.0
7.140,239.8,-249.9
7.157,243.0,-247.0
7.174,243.6,-246.1
7.191,242.5,-247.3
7.207,239.2,-250.5
7.224,232.9,-255.6
7.241,224.8,-262.6
7.257,213.5,-270.8
7.274,200.0,-280.0
7.291,183.5,-289.9
7.307,164.8,-300.2
7.324,144.4,-310.5
7.341,122.6,-319.8
7.357,99.38,-327.9
7.374,73.55,-334.6
7.391,46.24,-339.6
7.407,18.32,-342.4
7.424,-9.927,-343.2
7.441,-42.12,-341.7
7.457,-64.56,-338.4
7.474,-93.11,-333.1
7.491,-117.9,-326.4
7.508,-140.1,-318.6
7.524,-160.2,-310.4
7.541,-177.3,-301.9
7.558,-192.0,-293.3
7.574,-204.8,-285.3
7.591,-215.2,-278.8
7.608,-222.2,-273.4
7.624,-227.5,-269.4
7.641,-230.0,-267.3
7.658,-231.1,-267.0
7.674,-228.9,-268.2
7.691,-225.2,-271.6
7.708,-218.8,-276.2
7.724,-210.5,-282.7
7.741,-200.0,-289.5
7.758,-186.9,-297.7
7.774,-169.3,-306.5
7.791,-152.0,-314.8
7.808,-130.1,-323.2
7.824,-108.1,-330.5
7.841,-84.88,-336.5
7.858,-59.85,-340.9
7.875,-32.02,-343.6
7.891,-3.321,-344.3
7.908,26.22,-342.7
7.925,51.75,-339.3
7.941,78.74,-333.9
7.958,104.2,-327.0
7.975,128.3,-318.2
7.991,150.0,-308.9
8.008,170.5,-298.8
8.025,188.1,-288.9
8.041,201.8,-279.4
8.058,214.7,-270.4
8.075,225.3,-262.9
8.091,232.5,-256.5
8.108,239.0,-251.8
8.125,241.2,-249.4
8.141,242.0,-248.6
8.158,240.2,-250.2
8.175,236.5,-253.1
8.192,230.1,-258.6
8.208,221.0,-265.4
8.225,210.3,-273.8
8.242,196.3,-282.7
8.258,180.0,-292.7
8.275,162.0,-302.6
8.292,141.0,-312.3
8.308,116.9,-321.4
8.325,92.14,-329.5
8.342,65.76,-335.9
8.358,38.06,-340.4
8.375,11.85,-343.2
8.392,-16.97,-343.3
8.408,-43.81,-342.2
8.425,-70.27,-338.5
8.442,-96.83,-333.4
8.458,-120.4,-326.7
8.475,-140.9,-319.1
8.492,-161.2,-310.9
8.508,-177.8,-302.3
8.525,-192.4,-294.7
8.542,-204.7,-286.8
8.559,-214.1,-280.8
8.575,-221.0,-275.5
8.592,-226.5,-271.8
8.609,-228.9,-269.7
8.625,-229.0,-269.5
8.642,-226.9,-271.2
8.659,-222.8,-274.5
8.675,-216.3,-279.5
8.692,-207.3,-285.5
8.709,-196.1,-292.5
8.725,-182.5,-300.6
8.742,-166.4,-308.8
8.759,-148.3,-317.0
8.775,-126.6,-324.7
8.792,-104.3,-331.7
8.809,-80.27,-337.7
8.825,-53.86,-341.4
8.842,-28.69,-343.7
8.859,-3.082,-343.9
8.876,26.56,-342.3
8.892,53.83,-338.5
8.909,82.80,-332.8
8.926,107.6,-325.9
8.942,129.2,-317.5
8.959,152.4,-308.0
8.976,170.4,-298.1
8.992,187.9,-288.7
9.009,202.6,-279.2
9.026,215.6,-270.6
9.042,225.0,-263.4
9.059,233.5,-257.5
9.076,238.3,-253.4
9.092,242.2,-250.9
9.109,241.9,-250.4
9.126,240.6,-251.8
9.142,236.2,-255.6
9.159,229.9,-260.8
9.176,220.6,-267.7
9.193,209.6,-275.6
9.209,195.5,-284.8
9.226,178.9,-294.7
9.243,159.4,-304.5
9.259,140.0,-313.8
9.276,116.3,-322.9
9.293,90.34,-330.5
9.309,62.70,-336.4
9.326,36.84,-340.7
9.343,9.686,-342.9
9.359,-14.89,-342.9
9.376,-43.12,-341.3
9.393,-69.19,-337.6
9.409,-96.55,-332.4
9.426,-119.7,-325.8
9.443,-140.1,-318.3
9.459,-159.6,-310.5
9.476,-175.8,-302.3
9.493,-190.1,-294.7
9.509,-201.8,-287.5
9.526,-211.3,-281.6
9.543,-217.9,-276.9
9.560,-222.0,-273.5
9.576,-224.6,-272.1
9.593,-224.2,-272.2
9.610,-222.1,-274.1
9.626,-217.2,-277.5
9.643,-210.2,-282.3
9.660,-201.6,-288.5
9.676,-189.9,-295.8
9.693,-175.6,-303.7
9.710,-158.9,-311.6
9.726,-140.8,-319.6
9.743,-120.8,-326.8
9.760,-97.53,-333.5
9.776,-73.65,-338.6
9.793,-49.76,-341.9
9.810,-23.95,-343.7
9.826,7.213,-343.6
9.843,34.00,-341.6
9.860,56.23,-337.7
9.877,87.17,-331.8
9.893,111.0,-324.7
9.910,132.5,-316.1
9.927,152.9,-306.8
9.943,170.9,-297.5
9.960,187.8,-287.9
9.977,202.3,-278.9
9.993,213.5,-270.7
10.010,223.1,-263.7
10.027,229.5,-258.6
10.043,234.6,-254.7
10.060,237.0,-252.8
10.077,237.0,-252.7
10.093,234.3,-254.8
10.110,229.2,-258.5
10.127,222.4,-263.7
10.143,213.2,-271.0
10.160,200.7,-279.2
10.177,185.7,-288.2
10.194,169.3,-297.9
10.210,150.0,-307.4
10.227,127.9,-316.5
10.244,106.5,-324.9
10.260,83.02,-331.9
10.277,56.19,-337.5
10.294,27.84,-341.3
10.310,1.076,-343.2
10.327,-24.88,-343.2
10.344,-54.21,-340.9
10.360,-77.60,-337.2
10.377,-102.1,-331.7
10.394,-123.5,-325.3
10.410,-143.7,-317.6
10.427,-162.5,-310.0
10.444,-176.9,-302.1
10.460,-191.1,-294.6
10.477,-202.5,-288.0
10.494,-210.4,-282.5
10.511,-216.2,-278.2
10.527,-220.1,-275.5
10.544,-221.7,-274.5
10.561,-221.1,-275.1
10.577,-218.1,-277.2
10.594,-212.9,-281.1
10.611,-206.4,-286.1
10.627,-196.0,-292.2
10.644,-183.9,-299.5
10.661,-170.2,-307.0
10.677,-153.5,-314.8
10.694,-133.9,-322.4
10.711,-113.1,-329.5
10.727,-89.58,-335.5
10.744,-65.48,-340.3
10.761,-40.60,-343.4
10.777,-14.51,-344.4
10.794,13.03,-343.7
10.811,39.04,-341.0
10.827,69.88,-336.4
10.844,94.80,-330.5
10.861,115.8,-323.2
10.878,137.6,-314.7
10.894,157.8,-305.6
10.911,174.9,-296.3
10.928,190.3,-287.3
10.944,203.6,-278.4
10.961,215.4,-270.8
10.978,223.5,-264.4
10.994,230.0,-259.6
11.011,233.4,-256.2
11.028,236.2,-254.9
11.044,234.5,-255.3
11.061,232.3,-257.7
11.078,227.2,-261.9
11.094,219.3,-267.7
11.111,209.8,-274.7
11.128,198.2,-282.9
11.144,181.1,-292.4
11.161,164.4,-301.5
11.178,145.9,-310.7
11.195,123.7,-319.5
11.211,100.1,-327.5
11.228,77.51,-334.0
11.245,51.93,-338.7
11.261,25.79,-341.8
11.278,-4.542,-343.2
11.295,-31.21,-342.8
11.311,-55.29,-340.3
11.328,-79.19,-336.4
11.345,-104.2,-330.8
11.361,-126.6,-324.1
11.378,-146.6,-316.9
11.395,-163.9,-309.3
11.411,-179.4,-301.9
11.428,-191.9,-294.7
11.445,-201.8,-288.6
11.461,-209.5,-283.7
11.478,-215.1,-279.9
11.495,-218.3,-277.6
11.511,-219.2,-277.0
11.528,-218.0,-277.8
11.545,-214.6,-280.3
11.562,-208.6,-284.3
11.578,-200.7,-289.6
11.595,-190.8,-295.8
11.612,-178.3,-302.8
11.628,-163.6,-310.5
11.645,-146.6,-317.6
11.662,-128.2,-324.9
11.678,-106.2,-331.4
11.695,-84.00,-336.8
11.712,-60.63,-340.7
11.728,-34.83,-343.2
11.745,-10.19,-343.9
11.762,19.16,-342.6
11.778,44.58,-339.8
11.795,71.57,-334.9
11.812,95.26,-328.4
11.828,119.2,-320.9
11.845,138.9,-312.3
11.862,159.0,-303.3
11.879,175.7,-294.3
11.895,190.7,-285.5
11.912,203.6,-277.5
11.929,213.4,-270.4
11.945,221.0,-264.4
11.962,226.4,-260.2
11.979,230.2,-257.8
11.995,231.3,-256.9
12.012,229.7,-257.8
12.029,226.0,-260.7
12.045,219.5,-265.3
12.062,211.3,-271.7
12.079,201.0,-278.9
12.095,186.9,-287.4
12.112,174.1,-295.9
12.129,154.3,-305.4
12.145,133.6,-314.2
12.162,112.8,-322.7
12.179,90.91,-329.8
12.196,65.86,-335.8
12.212,41.56,-340.0
12.229,14.39,-342.8
12.246,-15.69,-343.3
12.262,-40.12,-342.3
12.279,-65.23,-339.3
12.296,-90.99,-334.7
12.312,-111.3,-329.2
12.329,-132.7,-322.6
12.346,-151.1,-315.3
12.362,-167.0,-308.1
12.379,-180.5,-301.3
12.396,-192.5,-294.7
12.412,-200.6,-289.1
12.429,-208.4,-284.7
12.446,-212.9,-281.4
12.462,-215.5,-279.8
12.479,-215.7,-279.6
12.496,-213.5,-281.2
12.512,-209.9,-283.9
12.529,-203.1,-288.2
12.546,-194.6,-293.7
12.563,-184.5,-299.8
12.579,-171.4,-306.8
12.596,-156.6,-313.9
12.613,-137.8,-321.3
12.629,-120.0,-327.9
12.646,-98.90,-333.6
12.663,-75.55,-338.6
12.679,-52.66,-341.7
12.696,-26.51,-343.7
12.713,-1.425,-343.7
12.729,25.63,-341.8
12.746,51.73,-338.4
12.763,76.21,-333.3
12.779,100.9,-326.6
12.796,122.5,-318.9
12.813,142.6,-310.2
12.829,160.9,-301.4
12.846,177.3,-292.7
12.863,190.8,-284.3
12.880,202.1,-276.6
12.896,210.9,-270.2
12.913,218.5,-264.9
12.930,222.7,-261.2
12.946,225.2,-259.6
12.963,225.2,-259.7
12.980,222.7,-261.3
12.996,218.7,-264.6
13.013,212.2,-269.8
13.030,202.4,-276.2
13.046,191.5,-283.8
13.063,178.0,-292.0
13.080,161.8,-300.6
13.096,143.4,-309.8
13.113,123.1,-318.1
13.130,100.3,-326.0
13.146,75.62,-332.6
13.163,51.25,-337.8
13.180,24.84,-341.3
13.197,1.542,-343.5
13.213,-25.80,-343.3
13.230,-51.18,-341.5
13.247,-74.37,-338.5
13.263,-98.70,-333.3
13.280,-119.7,-327.4
13.297,-139.4,-320.9
13.313,-156.6,-314.0
13.330,-171.3,-306.8
13.347,-183.8,-300.1
13.363,-195.4,-293.9
13.380,-202.9,-288.7
13.397,-209.0,-284.8
13.413,-212.5,-282.3
13.430,-213.8,-281.3
13.447,-213.4,-281.9
13.463,-210.7,-283.8
13.480,-205.4,-287.3
13.497,-198.7,-291.6
13.514,-189.0,-297.3
13.530,-178.0,-303.8
13.547,-164.0,-310.7
13.564,-148.0,-317.8
13.580,-130.0,-324.6
13.597,-108.5,-331.5
13.614,-89.84,-335.8
13.630,-65.06,-340.3
13.647,-42.58,-342.8
13.664,-17.19,-343.8
13.680,8.309,-342.7
13.697,34.28,-340.3
13.714,59.41,-336.5
13.730,82.33,-330.7
13.747,105.1,-323.9
13.764,126.4,-316.0
13.780,145.9,-307.2
13.797,163.1,-298.6
13.814,177.6,-290.1
13.830,190.5,-282.4
13.847,201.1,-275.4
13.864,209.4,-269.5
13.881,216.7,-264.9
13.897,220.5,-261.9
13.914,222.0,-260.7
13.931,221.0,-261.4
13.947,218.0,-263.8
13.964,212.6,-267.7
13.981,204.6,-273.3
13.997,195.1,-280.0
14.014,182.5,-287.7
14.031,167.7,-296.2
14.047,151.2,-305.0
14.064,131.9,-313.8
14.081,110.6,-321.7
14.097,88.37,-328.7
14.114,62.16,-334.6
14.131,37.44,-338.9
14.147,11.81,-342.0
14.164,-13.18,-342.9
14.181,-39.24,-341.8
14.198,-63.18,-339.5
14.214,-86.74,-335.6
14.231,-108.8,-330.7
14.248,-128.6,-324.7
14.264,-147.3,-317.9
14.281,-161.9,-311.3
14.298,-176.1,-304.5
14.314,-187.6,-298.6
14.331,-196.1,-293.3
14.348,-204.0,-288.6
14.364,-208.8,-285.2
14.381,-211.6,-283.7
14.398,-212.4,-283.0
14.414,-211.1,-283.8
14.431,-206.9,-286.5
14.448,-201.1,-290.3
14.464,-192.9,-295.4
14.481,-182.5,-301.5
14.498,-170.7,-307.7
14.514,-156.1,-314.6
14.531,-139.5,-321.4
14.548,-121.2,-327.9
14.565,-100.4,-333.6
14.581,-77.15,-338.4
14.598,-53.43,-341.9
14.615,-28.83,-343.6
14.631,-5.128,-343.6
14.648,22.11,-342.4
14.665,44.62,-338.9
14.681,69.81,-334.5
14.698,92.11,-328.1
14.715,115.0,-320.8
14.731,134.4,-313.0
14.748,152.5,-304.4
14.765,169.3,-295.9
14.781,182.8,-287.8
14.798,194.6,-280.5
14.815,204.6,-273.9
14.831,211.8,-268.7
14.848,217.2,-264.9
14.865,219.5,-262.8
14.882,220.0,-262.5
14.898,218.2,-263.9
14.915,214.1,-267.0
14.932,207.7,-271.4
14.948,198.7,-277.5
14.965,187.6,-284.5
14.982,174.5,-292.7
14.998,159.6,-300.9
15.015,140.9,-309.4
15.032,120.7,-317.6
15.048,99.10,-325.1
15.065,75.94,-331.4
15.082,51.46,-336.7
15.098,26.99,-340.3
15.115,1.937,-342.5
15.132,-24.01,-342.8
15.148,-48.06,-341.5
15.165,-71.96,-338.6
15.182,-93.30,-334.4
15.199,-113.7,-329.2
15.215,-132.1,-323.4
15.232,-149.7,-316.6
15.249,-164.0,-310.3
15.265,-177.8,-303.7
15.282,-188.6,-298.0
15.299,-196.0,-293.2
15.315,-202.3,-289.5
15.332,-206.3,-286.9
15.349,-207.9,-285.6
15.365,-207.9,-285.7
15.382,-205.3,-287.6
15.399,-200.6,-290.7
15.415,-194.0,-294.7
15.432,-184.8,-300.1
15.449,-173.9,-306.1
15.465,-161.0,-312.8
15.482,-144.8,-319.4
15.499,-128.5,-325.6
15.515,-108.8,-331.5
15.532,-88.13,-336.6
15.549,-65.34,-340.5
15.566,-41.27,-343.3
15.582,-16.10,-344.3
15.599,10.40,-343.7
15.616,35.42,-341.4
15.632,58.80,-337.6
15.649,84.43,-331.8
15.666,103.3,-325.6
15.682,123.6,-318.1
15.699,144.9,-310.0
15.716,161.0,-301.6
15.732,176.4,-293.6
15.749,189.1,-285.8
15.766,199.3,-278.9
15.782,207.1,-273.3
15.799,213.5,-268.8
15.816,217.7,-265.9
15.832,219.2,-264.7
15.849,218.1,-265.2
15.866,215.5,-267.5
15.883,210.1,-271.5
15.899,202.4,-276.4
15.916,193.7,-282.9
15.933,180.9,-290.1
15.949,166.4,-298.3
15.966,150.1,-306.6
15.983,132.7,-314.8
15.999,111.7,-322.2
16.016,90.41,-329.5
16.033,67.46,-335.3
16.049,45.88,-339.7
16.066,21.74,-342.6
16.083,-5.996,-343.7
16.099,-31.54,-343.3
16.116,-54.79,-341.3
16.133,-79.11,-337.9
16.149,-99.53,-333.3
16.166,-119.4,-327.7
16.183,-136.4,-321.5
16.200,-154.3,-314.8
16.216,-167.5,-308.8
16.233,-179.1,-302.7
16.250,-188.6,-297.5
16.266,-195.7,-293.3
16.283,-201.2,-290.0
16.300,-203.6,-288.2
16.316,-204.8,-287.7
16.333,-203.4,-288.8
16.350,-199.9,-291.0
16.366,-194.0,-294.7
16.383,-186.1,-299.1
16.400,-176.3,-304.8
16.416,-164.5,-310.9
16.433,-149.3,-317.3
16.450,-133.5,-323.6
16.466,-115.2,-329.6
16.483,-96.56,-334.9
16.500,-75.51,-338.9
16.517,-51.22,-342.3
16.533,-29.13,-343.8
16.550,-2.995,-344.0
16.567,22.64,-342.5
16.583,46.11,-339.4
16.600,69.32,-334.7
16.617,92.01,-328.7
16.633,113.4,-321.8
16.650,132.1,-314.1
16.667,151.3,-306.0
16.683,166.7,-298.0
16.700,179.4,-290.5
16.717,191.1,-283.3
16.733,200.3,-277.5
16.750,206.9,-272.3
16.767,212.1,-269.0
16.783,213.9,-267.1
16.800,214.9,-266.8
16.817,212.4,-268.3
16.833,208.2,-271.4
16.850,202.0,-275.7
16.867,193.5,-281.4
16.884,182.1,-288.5
16.900,169.6,-295.8
16.917,154.5,-303.6
16.934,136.9,-311.7
16.950,116.3,-319.5
16.967,95.81,-326.7
16.984,74.51,-332.7
17.000,50.77,-337.7
17.017,29.25,-341.3
17.034,4.468,-343.4
17.050,-20.90,-343.7
17.067,-44.83,-342.3
17.084,-68.16,-339.6
17.100,-89.49,-335.6
17.117,-109.6,-330.5
17.134,-128.7,-324.7
17.150,-144.8,-318.6
17.167,-159.5,-312.6
17.184,-171.8,-306.6
17.201,-181.8,-301.4
17.217,-190.5,-296.8
17.234,-196.1,-293.4
17.251,-200.0,-290.9
17.267,-201.7,-289.9
17.284,-201.3,-290.3
17.301,-198.8,-292.0
17.317,-194.2,-294.8
17.334,-187.4,-298.9
17.351,-178.4,-303.7
17.367,-167.0,-309.3
17.384,-153.4,-315.5
17.401,-138.8,-321.5
17.417,-121.5,-327.8
17.434,-102.0,-333.3
17.451,-82.85,-337.7
17.467,-59.47,-341.5
17.484,-37.03,-343.6
17.501,-12.32,-344.4
17.517,10.49,-343.4
17.534,32.31,-340.9
17.551,56.68,-337.2
17.568,81.31,-332.1
17.584,102.0,-325.7
17.601,122.0,-318.4
17.618,140.4,-310.8
17.634,156.6,-302.7
17.651,171.1,-294.9
17.668,183.2,-287.9
17.684,192.9,-281.3
17.701,201.0,-276.2
17.718,206.6,-272.3
17.734,210.5,-269.8
17.751,211.8,-268.7
17.768,210.9,-269.2
17.784,208.0,-271.8
17.801,202.3,-275.3
17.818,194.7,-280.5
17.834,185.2,-286.8
17.851,173.2,-293.8
17.868,158.5,-301.3
17.885,142.4,-309.4
17.901,123.8,-317.2
17.918,104.1,-324.6
17.935,81.79,-331.1
17.951,59.40,-336.5
17.968,35.83,-340.5
17.985,12.81,-343.2
18.001,-10.69,-344.6
18.018,-36.25,-343.8
